4 0.746666709375 0.41061420234375 0.09919513124999994 0.1142332578125
4 0.1707960828125 0.07956398906249999 0.054568087499999994 0.07514770312499999
4 0.5804638890625 0.58592120546875 0.08218054375000002 0.15474812968750004
9 0.80597739140625 0.47319383125000003 0.08637036406250012 0.138478984375
9 0.1374163890625 0.07239705 0.09345524375 0.037880134375000006
5 0.7808253875 0.44882565546875003 0.07837014062499996 0.09577329218749994
5 0.13892420156250002 0.06539262109375 0.04225295312499999 0.0684812203125
6 0.4640826140625 0.53809530078125 0.20692750624999995 0.2698973265625
6 0.42316371171875 0.10026356484375001 0.19453905781249997 0.1625647796875
6 0.27491695781250003 0.26837906796875 0.07975058749999997 0.17756001718749997
6 0.46904103671874997 0.38741122734375005 0.042255979687499945 0.0445459734375
6 0.7724085367187501 0.25700186953125004 0.05588661718750006 0.07353293593750002
3 0.335928853125 0.2450736703125 0.013296678124999994 0.03216286562499997