6 0.07240783203125001 0.50194853984375 0.010632398437500001 0.06686414218749999
2 0.49290219999999996 0.51778017109375 0.025499712500000004 0.11013917343750004
3 0.52115191328125 0.55601513828125 0.01056901406249997 0.009026529687499974
3 0.51163683046875 0.6739560906250001 0.008454085937500012 0.02407188749999998
3 0.5872713796875 0.28201256328125 0.013172393750000034 0.01281600468749997
3 0.6379029171875 0.39216686875 0.009408171875000005 0.03006621874999995
3 0.64172045234375 0.39557636796875 0.006617889062499938 0.020263264062500008
3 0.7362602593750001 0.2264278765625 0.0053278937500000016 0.050754065625000025
3 0.7246552578125 0.24415990546875 0.015152253125000037 0.020996042187499998
3 0.79847055 0.14341385546875 0.018741409375000018 0.0228999765625
3 0.9693441164062498 0.38650530234374997 0.01738774218749999 0.0445388328125
3 0.97359640390625 0.7188393859375 0.016264223437499937 0.03127909687499999
3 0.5854467328124999 0.26992933671874997 0.009212678125000017 0.011792254687500003
3 0.493500853125 0.5883038140625001 0.009491409374999992 0.01571726562500002
3 0.428263453125 0.64035286796875 0.006172393750000005 0.010819426562499946
6 0.11212690312500002 0.64153850390625 0.0028477468750000012 0.014283482812499937
6 0.8261017031249999 0.5521223484375 0.029341828125000014 0.03509959062499997
6 0.735771046875 0.10261165859374999 0.02474999999999996 0.0423313015625
6 0.759415184375 0.25810208203125 0.01609211562499997 0.06330552031249996
7 0.76827429375 0.04501505625 0.010732818749999939 0.024620131249999993