0 0.20946519062500002 0.284719025 0.14377449687500002 0.102540715625
3 0.5471712906249999 0.92381313125 0.02237903750000001 0.018905628125000008
3 0.22585940546875 0.69163783359375 0.008716982812499996 0.013153954687500047
3 0.22796466328124998 0.67907355546875 0.018810104687499996 0.015024426562500004
3 0.23722789140625 0.713663415625 0.008441139062500014 0.010452112500000065
3 0.23005903749999995 0.7158323640625 0.010585903125000008 0.012682696874999965
3 0.0698135375 0.88925004375 0.019437734375000005 0.018661506250000136
3 0.04559528046875 0.5686988749999999 0.013220373437499999 0.011979453125000017
3 0.03871469140625 0.541215246875 0.005285973437500003 0.013620359374999946
3 0.022298108593749998 0.51102492421875 0.009741339062499998 0.012912260937499998
3 0.037028640625 0.5310555492187501 0.005775678125 0.009980854687500073
3 0.3400461703125 0.15050514375000001 0.008027374999999993 0.009980856250000003
3 0.35880979140624997 0.13389901875 0.010906698437500006 0.005874943750000017
3 0.41306967265625005 0.23486531406250002 0.0213686359375 0.012085743750000022
3 0.7168004484375 0.35429190390625004 0.01083075624999994 0.01103936406249999
3 0.8457232734375001 0.70555438515625 0.019468724999999944 0.017731123437499986
3 0.0318014515625 0.6534189328125001 0.01842733125 0.011382496874999948
3 0.28078500859375 0.6212680671874999 0.006879051562499993 0.01256670312499999