6 0.74658938203125 0.6450901117187501 0.0981363359375 0.04413856406249996
3 0.7302866765625 0.4987239703125 0.008580834375000013 0.006097899999999967
3 0.7573247656250001 0.48732091640624997 0.006456974999999953 0.007877476562499996
3 0.796938615625 0.4130787664062501 0.019594149999999998 0.00824853281250002
3 0.9084460726562501 0.20902028437500003 0.048191098437500024 0.014025471875000006
3 0.8606028054687499 0.2384712796875 0.009185879687499999 0.015791203124999997
3 0.8736196609375 0.23143507031250002 0.0186403437500001 0.014550084374999984
3 0.87987785625 0.23539086406249998 0.017130284375000037 0.014012696875000018
3 0.8736998906250001 0.21448377968750001 0.016104953124999887 0.014976587499999994
3 0.8865047867187499 0.29020106484374997 0.026234214062499994 0.00870807656250001
3 0.8617849109375001 0.3474338046875 0.016889643750000082 0.009658121875000036
3 0.86055735625 0.33070536171875 0.020875768750000034 0.012603107812500004
3 0.8095386796875002 0.44114040859375 0.022746787500000032 0.006209857812500008
6 0.585558546875 0.9083965656250002 0.013761406249999997 0.006671540624999928
6 0.83395072109375 0.43464105546875 0.0476226484375001 0.01523782656249999