4 0.721383115625 0.4065445203125 0.09951795312499997 0.1142040625
4 0.1580491796875 0.08500799609375001 0.055248725 0.0748891203125
4 0.5460316578125 0.5847055578125 0.08711058437499997 0.155076646875
9 0.7776719999999999 0.46798826328125004 0.08070329687499997 0.1372820671875
9 0.12487357890624999 0.07904590390624999 0.0942309390625 0.03824902031250001
5 0.7529153921875 0.443883821875 0.08018909687500005 0.09634770937500003
5 0.12720174921875 0.07136756171875 0.04359552343749999 0.0686923109375
6 0.43249617109375 0.53897040625 0.20584346718750002 0.272813203125
6 0.4140224984375 0.10121737109375 0.194756325 0.1655498765625
6 0.25485623125 0.2721408234375 0.08336435624999998 0.17843841875
6 0.44358024296875004 0.38801031718749995 0.042196945312500046 0.044708887499999996
6 0.7539159390625001 0.25211325234375004 0.05838248437500004 0.07427574843750002
3 0.31654555234375004 0.24781711015625 0.014512107812499985 0.03227704843749999