7 0.22763480390625 0.3962418296875 0.24080882343750004 0.35049019687500005
0 0.18060661796875 0.34865196015625 0.03339460781250001 0.04044117656249999
0 0.13174019609375 0.29758986953125 0.03308823593750001 0.038807189062500004
0 0.13618259765625002 0.26960784296874996 0.029105392187500013 0.0547385609375
7 0.16069240234374998 0.33088235234374996 0.04013480468749999 0.05800653593749998
6 0.67034313671875 0.4609885625 0.05453431406250005 0.12295751562499997
6 0.708180146875 0.27593954296875 0.079963234375 0.09517973906249999
6 0.6545649507812501 0.31801470546875 0.0628063734375 0.04044117656249999
6 0.81939338203125 0.11233660078124999 0.023590685937499956 0.013888889062499988
6 0.751225490625 0.32026143828125 0.025735293750000034 0.024509804687500036
1 0.715226715625 0.16973039218750002 0.009497550000000032 0.010212418750000007
1 0.7423406859374999 0.158905228125 0.011029412500000025 0.008986928125000015
1 0.47671568671875003 0.1303104578125 0.009191176562500037 0.008986928125000015
1 0.37469362734375 0.297998365625 0.01225490156250002 0.01021241875000003
1 0.44286151953125 0.30106209140624995 0.01194852968750002 0.011437907812499981
1 0.5764399507812501 0.30984477109375 0.01072303906249994 0.011846404687499978
6 0.8688725492187501 0.0208333328125 0.013480392187499923 0.008169934374999998