0 0.2337622546875 0.60886437890625 0.036764706249999966 0.060049020312500014
6 0.22748161718749998 0.356617646875 0.016850490624999992 0.010620915624999982
0 0.4159007359375 0.36642156875 0.032781862500000036 0.014705881250000007
4 0.38679534296874996 0.42647058828124995 0.03216911718750004 0.02532679843750003
0 0.9059436281250001 0.47120098046875 0.02267156874999987 0.02410130781250004
1 0.8985906859374999 0.47998366015625005 0.005514706249999968 0.0073529421875000445
0 0.8846507359375 0.5696486929687501 0.051164215625000155 0.023284314062499957
6 0.45557598046875 0.590277778125 0.031862745312499996 0.036764706249999966
7 0.48406862734375 0.92544934609375 0.14950980468750003 0.14746732031250004
6 0.5467218132812499 0.85580065390625 0.037683823437499965 0.05637254843750004
6 0.048866421874999996 0.8496732023437501 0.022365196875 0.0310457515625
6 0.3209252453125 0.38194444453125 0.02542892187500003 0.0073529421875