4 0.12268518515625 0.3218005953125 0.2440476203125 0.21602182499999997
4 0.19378306875 0.42075892890625005 0.2989418 0.2046130953125
0 0.46660052890625003 0.23710317500000003 0.5072751328124999 0.25694444375000003
5 0.59507275078125 0.284226190625 0.16435185156249998 0.215773809375
5 0.49553571406249997 0.4079861109375 0.2119709 0.13740079375
4 0.8210978835937499 0.2953869046875 0.3578042328125 0.26140873125
4 0.80042989453125 0.5481150796875001 0.39914021093749996 0.262896825
2 0.47321428593750003 0.7806299601562501 0.3875661375 0.26364087343750003
6 0.49586640156249995 0.41034226171875005 0.21263227499999995 0.1416170640625
6 0.28654100546875 0.3937251984375 0.1484788359375 0.109375
9 0.568617725 0.30605158671875 0.2748015875 0.0704365078125