0 0.6910071203125 0.7030810093750001 0.05237992499999997 0.047612534374999974
6 0.4499216203125 0.78166229921875 0.010705562499999922 0.019058223437500032
0 0.40828798359375007 0.59775382109375 0.016149254687500038 0.03219821406250008
4 0.47278459453125 0.60912603671875 0.019736773437499976 0.03464972968750004
0 0.37734704531249996 0.09740715703125 0.027436906249999993 0.02031701093749999
1 0.38766929765625 0.102668571875 0.007744914062500019 0.005986384375000009
0 0.47755668359375003 0.09059010390625 0.017335142187500006 0.0556936296875
6 0.61569370078125 0.5001604273437501 0.0358887421875 0.034396367187499964
7 0.9164610304687499 0.3678229703125 0.1313717921875 0.16808456249999998
6 0.840349765625 0.33654314140624997 0.055873815625000135 0.04474410468749999
6 0.9745736125000001 0.8161611359375 0.030318862500000064 0.019065915624999975
6 0.44743791093750007 0.68536190703125 0.010411124999999988 0.02338813281249994