7 0.11040054531250001 0.73032173046875 0.13587281874999999 0.053903579687499995
1 0.11528930156250002 0.67467096484375 0.066108084375 0.04945058281249999
7 0.15927987500000002 0.61891756796875 0.06702240625 0.058672820312500026
9 0.14582004296875 0.5427338171875 0.23943327343750004 0.024720571875000007
6 0.30492932578125 0.72166156015625 0.0776737796875 0.03099679531249997
3 0.3873133015625 0.56356818125 0.015314950000000004 0.03672890312500003
6 0.8968431335937499 0.3931095078125 0.07372613593749992 0.114198346875
6 0.5579568234375 0.227330896875 0.11479469374999995 0.09388254062500001
7 0.8942470234375 0.24912202421875002 0.12841414062500006 0.08005932968750003
6 0.654382453125 0.46687980000000007 0.04835555312500004 0.04652910312499996
9 0.74652986640625 0.42948112343750006 0.21235455781250004 0.14820281250000003
7 0.7871215507812501 0.58196872734375 0.0323916890625001 0.03478056406250003
7 0.9126411078124999 0.518981990625 0.10352095312499987 0.08201589062499996
7 0.71185928515625 0.491013834375 0.03464383281250001 0.041717793749999996
7 0.77400669140625 0.36548116796875 0.023250539062500054 0.03703377968749999
6 0.07393071796874999 0.06712777890625 0.06427991718750001 0.030096548437500002
9 0.43988846484375 0.56556529921875 0.1898586484375 0.04806074843749997
6 0.18374172578125 0.84959988125 0.15224730468749997 0.1162924781250001
7 0.37340901953125 0.6805145359375 0.04868685156249999 0.02821699687499999
3 0.329512453125 0.35819063203125 0.030232228124999993 0.011867614062499986
3 0.37382740234375 0.3594830390625 0.020481501562499994 0.031075856249999978
3 0.11183297109375001 0.2503915 0.0312920078125 0.025606559374999983
3 0.8183158890625 0.10230028046874999 0.024270496875000092 0.025180551562499997
3 0.4573833085937499 0.35200641171875 0.026681770312500054 0.027730426562499976
3 0.70926916875 0.537207778125 0.013460153124999952 0.019396103124999974
3 0.7978990703125 0.54414761015625 0.03751866250000004 0.016791829687500037