7 0.7694472484375 0.387378609375 0.14431559062499993 0.12175500624999999
7 0.7924919703125 0.45100353593750003 0.06568170312499992 0.046600196874999965
7 0.25266223984374997 0.32698348046875003 0.0598081734375 0.025295914062500025
7 0.3264194265625 0.21483699296875 0.04912064062499999 0.0324296578125
6 0.34165685 0.058567812500000004 0.06154975937499998 0.06057478749999999
0 0.2860836859375 0.3824149171875 0.06848108125000003 0.15374238437499996
6 0.23156279375 0.48348119765625003 0.06542446875 0.03672182343749997
6 0.21850311171875 0.50663706171875 0.03334090468749999 0.015625554687500022
6 0.58920092109375 0.830904965625 0.042667382812499974 0.016748265625000158
6 0.097746515625 0.35857228281250003 0.03901866562500002 0.022290703124999967
6 0.1272937703125 0.3559590015625 0.024563924999999997 0.016537521875000037
6 0.66371190078125 0.23182183671874998 0.010062135937500027 0.029583170312500018
6 0.75564472421875 0.56262398671875 0.06672404843750002 0.031195270312500068
6 0.1027118609375 0.74781789765625 0.04609389374999999 0.012417782812499922
6 0.44013965390625 0.7775147515625 0.08999079531249995 0.010419240625000015
6 0.46394526875000003 0.83198850859375 0.009284237500000004 0.0027911953124998947
6 0.06268087343749999 0.515916278125 0.0177315125 0.012055956250000045
6 0.79278986796875 0.13367376796875 0.03158453906250003 0.0835661671875
6 0.6254781648437501 0.20164363281249997 0.027142479687500033 0.024362059374999977
6 0.43345673515625 0.165356115625 0.06379758593750004 0.05037180937500001
9 0.7476512976562499 0.47166625156249997 0.04140661718749996 0.047200175000000046
1 0.29432591484375 0.31076483359375 0.020265420312500025 0.010442217187499958