6 0.25088675078125 0.259368334375 0.0239867984375 0.02086711250000004
3 0.14935305625 0.8964692015625001 0.0506688625 0.018542665624999975
3 0.5032007773437501 0.991345471875 0.1350764984375 0.017309056250000055
3 0.9084995124999999 0.82435610390625 0.05017717812500013 0.02612042343750005
6 0.9489098421875 0.322278846875 0.06223875937500001 0.017808875000000012
6 0.70535284375 0.41070984374999997 0.01184433437500001 0.006062240625000026
6 0.72095270859375 0.5767747882812501 0.011703567187499963 0.005788560937499998
6 0.64018032890625 0.6055630023437499 0.0295786921875 0.021609529687500028
6 0.643094753125 0.68840646875 0.009377809375000013 0.006674615625000069
6 0.9373301749999999 0.78839310546875 0.013122434375000047 0.008658873437499982
6 0.8159626828125001 0.9134340632812499 0.05186168437500003 0.02735861406250013
6 0.30923657109375 0.28053466875 0.009731426562500011 0.012338278124999968
6 0.5596881328125001 0.6228904492187499 0.06603077500000003 0.06103639218749999
3 0.554835584375 0.923691471875 0.046287387500000055 0.014758596875000052
3 0.8427345765624998 0.8681270828125001 0.0320046249999999 0.038013849999999925
3 0.96162829921875 0.82537286328125 0.020822835937499916 0.0264743828124999
6 0.58896162890625 0.33229027421875 0.009762220312499981 0.007795042187500023