0 0.17975300859375 0.7671759765624999 0.23375772968750003 0.042548756249999986
7 0.26165602265625 0.7515603242187501 0.11174927968750001 0.05716651718749999
1 0.54531658828125 0.61537231640625 0.04251601093749997 0.03811375781250002
1 0.62261465546875 0.55999887421875 0.05063060156249995 0.042653160937500004
4 0.5573381140625 0.4715755664062501 0.28818518750000005 0.07563557968749998
4 0.3522317734375 0.47524654218749995 0.13918179062499997 0.06121082187499995
0 0.42009957500000006 0.37333525234375003 0.29302934687500004 0.05428717656250002
4 0.31967898828125 0.37407991328124995 0.15849812343749997 0.04909127343750001
0 0.28809357109375 0.31616729140625 0.3960166109375 0.04952025781249998
0 0.48584282578125004 0.27514480078125 0.3402613828125 0.0663412734375
6 0.37148305234374995 0.52736152578125 0.17905694218749998 0.05721282343749996
7 0.13928457578125003 0.5981992828125 0.2575881640625 0.09925743437499994
6 0.33803806640625 0.234025259375 0.061652242187500005 0.04201580625000001
6 0.4116810984375 0.22016817890625 0.05562154062499998 0.06486487031249999