7 0.91759805859375 0.7678317195312501 0.16480388281249994 0.46433656093750003
7 0.8482332414062499 0.82203930390625 0.18180362656249996 0.29689577031250003
7 0.6289852546875 0.6099437960937499 0.45071174062499997 0.6720039015625
7 0.7358789796874999 0.9055949328124999 0.18810241562499996 0.188810134375
7 0.3034114328125 0.86858963671875 0.406793228125 0.2628207265625
7 0.71728332421875 0.28117523203125006 0.02928575468750001 0.04973811406249999
7 0.4780082648437499 0.29277066953124997 0.06679407968750004 0.09580759531249998
7 0.5306213718749999 0.236136053125 0.11124591874999998 0.20944631249999998
6 0.3973522796875 0.784944409375 0.30055954375 0.43011118125000003
6 0.46162794765625004 0.068830578125 0.08511041718749998 0.082841134375
6 0.57235518046875 0.15337634140624998 0.05453882968750001 0.0887086140625
6 0.67721046953125 0.0980958875 0.03256520781250005 0.075237946875
6 0.4168959 0.5462983328125001 0.05568670000000005 0.09728409375
6 0.36670642343750004 0.54237719921875 0.06405255937500001 0.13677382031249996
6 0.387264790625 0.623271671875 0.035373853125000035 0.047730724999999995
8 0.7684691164062499 0.295028965625 0.005594439062500012 0.013609221874999999
9 0.5467848507812499 0.13006400859375 0.029705692187499987 0.010734054687500017
9 0.393096075 0.5931619984375001 0.018263303124999998 0.007479175000000016
0 0.40398323124999996 0.46350633906249994 0.134443846875 0.07132768124999993
1 0.34460784921875 0.44620035937499997 0.016366535937499992 0.02718392500000002