0 0.9240942007812499 0.22488693828125 0.10556908593749999 0.22330795468750003
1 0.96208197265625 0.3186663234375 0.021164626562499934 0.037169493750000004
6 0.9522808609375 0.13976856171875002 0.04549137187499994 0.0753232046875
6 0.7437871554687501 0.49870108828125004 0.11245197656250001 0.1251524984375
6 0.777695265625 0.50374038046875 0.04471378124999994 0.10303690468750001
6 0.41864240390624996 0.5089652921875001 0.06095205468749998 0.116906459375
6 0.39125902890625 0.49746516171875 0.01601012968750002 0.060366889062500026
0 0.36990014296874996 0.25642238671874995 0.03889597343750002 0.07666410156250003
6 0.25335771874999996 0.46810722109374997 0.017442290624999978 0.03465271093749998
6 0.27176831953125 0.45262719609374996 0.008017210937499986 0.0068110640625000055
6 0.62684317109375 0.91447239453125 0.011606954687499994 0.031430010937499905
6 0.74982137578125 0.4165288703125 0.01126016406249999 0.03249312499999997
6 0.20535900390625 0.2179928546875 0.015460682812500015 0.011191471875000003