9 0.1390717984375 0.6742797203124999 0.06197902500000001 0.31490701249999997
1 0.02052128125 0.5126166359375001 0.0240118 0.04205419375000004
6 0.2782816453125 0.68139484609375 0.11520650624999998 0.06665404218749993
3 0.2760671375 0.686482415625 0.04051128749999999 0.014705568749999998
6 0.41584776640625004 0.5785987671875 0.037210007812500036 0.06432288437499993
7 0.58756163359375 0.5068644953125 0.046294704687499966 0.061606459375
6 0.51533443046875 0.36330480156249995 0.11194464531249997 0.14696498437499997
6 0.48191499687500006 0.1508832515625 0.04048657499999999 0.07370000937499999
3 0.5900972375 0.2088415640625 0.04340689375000002 0.058208640625000016
6 0.8052774242187499 0.3428083046875 0.03484142343749994 0.07446352812499998
6 0.45801947578124996 0.7064541546875 0.02728836718749994 0.056122934375
3 0.065463571875 0.67199923828125 0.017570890625000002 0.03597139531249995
6 0.24340705468749996 0.57171275390625 0.02933365000000001 0.06957927656250007
6 0.8773138492187499 0.16047119921875 0.01649992968750009 0.014611232812500008