6 0.5005482453125 0.0455 0.06688596562500004 0.012499999999999994
2 0.5041118421874999 0.46724999999999994 0.11019736875000001 0.02350000000000003
3 0.54166666640625 0.49275 0.008771929687500003 0.011000000000000032
3 0.66008771953125 0.477 0.024122807812499935 0.009000000000000074
3 0.26535087734375 0.57325 0.013157895312500001 0.012999999999999989
3 0.37417763125 0.61825 0.03015350937500001 0.010500000000000042
3 0.3774671046875 0.6221249999999999 0.02028508750000002 0.007250000000000067
3 0.20531798203125 0.7255 0.050986842187500006 0.008000000000000007
3 0.22341008750000002 0.712875 0.021381578124999967 0.014749999999999996
3 0.12033991171875 0.7922499999999999 0.022478070312499997 0.019000000000000038
3 0.35882675390624996 0.9506250000000002 0.0444078953125 0.015750000000000063
3 0.6916118421874999 0.9372499999999999 0.03125 0.015000000000000036
3 0.25328947343749997 0.5720000000000001 0.012061403125000014 0.009499999999999975
3 0.5748355265625 0.463375 0.015899121874999977 0.009750000000000014
3 0.62883771875 0.39525 0.010964912500000068 0.006000000000000005
6 0.63925438671875 0.078625 0.014254385937500036 0.0032499999999999972
6 0.944901315625 0.9577500000000001 0.04111842187499999 0.03599999999999994
6 0.5287828945312499 0.7983750000000001 0.03453947343749997 0.028249999999999977
6 0.0814144734375 0.7313750000000001 0.0422149125 0.02474999999999996
6 0.236293859375 0.7464999999999999 0.06359649062499999 0.01749999999999998
7 0.02275219296875 0.7671250000000001 0.0246710515625 0.011249999999999982