2 0.49287280703125 0.49499999999999994 0.10197368281249997 0.02350000000000003
8 0.45805921015625 0.495875 0.021381579687500006 0.007249999999999979
6 0.5786732453125 0.430125 0.05317982500000005 0.023250000000000083
3 0.62472587734375 0.47074999999999995 0.03453947343749997 0.007999999999999919
3 0.4884868421875 0.48650000000000004 0.024122806250000028 0.008000000000000007
3 0.50082236796875 0.486625 0.015899123437499975 0.006750000000000078
3 0.5265899125000001 0.48324999999999996 0.018092106250000038 0.0030000000000000248
3 0.37088815859375 0.536625 0.022478070312499997 0.008249999999999957
3 0.3859649125 0.5085 0.010964912500000024 0.009999999999999964
6 0.3703399125 0.51525 0.03673245624999999 0.014000000000000058
6 0.28426535078125 0.5125 0.03782894843750002 0.0125
3 0.25548245546875004 0.55325 0.014254385937499992 0.011000000000000032
3 0.29851973750000005 0.54875 0.020285087499999976 0.010500000000000042
3 0.139528509375 0.6128750000000001 0.0202850875 0.011749999999999972
3 0.0649671046875 0.642125 0.013706140624999997 0.010749999999999992
3 0.17434210546875 0.5653750000000001 0.030701754687500006 0.008250000000000045
7 0.11047149140625001 0.599625 0.1441885953125 0.08674999999999997