3 0.440605034375 0.9905752601562501 0.014769212499999984 0.0035225984375001572
3 0.48555252265625004 0.9672180484374999 0.005215460937500005 0.011857603125000083
3 0.5163317828125 0.9010348148437501 0.02298949062500002 0.02101170468750002
3 0.70599542421875 0.9137062695312501 0.008195345312500013 0.018876826562499893
3 0.5763884382812501 0.865863525 0.02636624218749999 0.007915840625000036
3 0.98937675234375 0.77022043359375 0.012154826562499998 0.012625720312500022
3 0.80549298828125 0.78037991640625 0.00972022031250006 0.007898823437500013
3 0.30650259453124995 0.380113671875 0.028219532812500024 0.021222237499999963
6 0.30225643281250003 0.47109316562500003 0.362188396875 0.14245115625000002
1 0.37370667500000004 0.37666764453125 0.02651506562499999 0.020847132812499992
6 0.5186082421875 0.45207570468749997 0.01348370000000001 0.011885412499999947
6 0.5459182132812501 0.34896280468749996 0.019141373437499977 0.0173372375
6 0.15339285859375001 0.4480991875000001 0.018149026562499993 0.006652056250000005
6 0.25835719375 0.44464636640625 0.014290778124999992 0.025942585937499985
6 0.3137295515625 0.64367707109375 0.02011469374999999 0.014303457812500042
3 0.3131679171875 0.8080973953124999 0.02656325312500001 0.019884106250000054