0 0.5234703921875 0.30604875546875 0.21552648750000003 0.08514936406250002
1 0.6181034140625 0.28085892343749996 0.02545904374999992 0.03266752500000001
3 0.55966771875 0.24640542343750002 0.025990424999999994 0.021782328124999983
3 0.5402664015624999 0.236075546875 0.014472190625000003 0.019206274999999984
6 0.374665378125 0.6475576828125 0.07746592499999996 0.060088943749999936
2 0.42453320312500004 0.81355659453125 0.11389294375000003 0.06409780781249994
8 0.387050834375 0.8273187148437501 0.024544837500000007 0.008897695312499999
3 0.40067974609375 0.94220693671875 0.00957240781249995 0.016165160937499933
3 0.3456438765625 0.9551335726562499 0.022701103125 0.01484391093749995
3 0.36883018671875 0.7739005414062501 0.026367642187500005 0.016059232812499945
3 0.40461990624999994 0.81355785390625 0.03069163749999997 0.01852120468749998
6 0.34318404140625003 0.89245290703125 0.03733051093749999 0.021601798437500007
3 0.3433527484375 0.8708044031250001 0.02706695312499998 0.018794475000000154