2 0.266850490625 0.512050653125 0.046568628125 0.12377450937500001
2 0.30943627421875003 0.500408496875 0.04718137343749999 0.13643790937499994
2 0.3509497546875 0.5089869281249999 0.04871323437499999 0.14460784374999996
2 0.39736519609375 0.534313725 0.04901960781249999 0.12418300625
2 0.43964460859375 0.52103758203125 0.04901960781249999 0.13929738593750002
2 0.47993259765624996 0.50285947734375 0.04319852968750002 0.13071895468749997
2 0.5212928921875 0.50285947734375 0.043198528125000024 0.14542483593749997
2 0.5635723046875001 0.52859477109375 0.046875 0.14624182968750005
0 0.60431985234375 0.52920751640625 0.04319852968750002 0.19403594843749997
2 0.67156862734375 0.5565767968750001 0.061887254687500004 0.13439542500000004
2 0.52022058828125 0.621527778125 0.11397058906249997 0.06086601250000001
2 0.41314338203125 0.6203022875 0.10018382343750006 0.05433006562499996
2 0.3033088234375 0.6164215687500001 0.11397058749999997 0.06045751562499992
6 0.24601715703125002 0.59763071875 0.028186273437499975 0.03594771249999997
8 0.31648284296874996 0.5549428109375001 0.015931373437500042 0.019199346874999978
8 0.35232843125 0.5733251640624999 0.012254903125000017 0.00857843125000004
8 0.4312193625 0.57843137265625 0.013174018750000016 0.00816993593749995
8 0.477787990625 0.5539215687500001 0.010110293750000032 0.010620915625000027
8 0.52190563671875 0.56535947734375 0.010723039062500028 0.006535948437499961
6 0.44837622578124997 0.33741830078125 0.024816176562499948 0.0155228765625
6 0.4140625 0.34109477109375 0.037683825000000004 0.022058823437500007
6 0.38679534296874996 0.35232843125 0.0235906859375 0.03799019687500001
6 0.65073529375 0.39133986875 0.02267156874999996 0.03513071874999998
6 0.6116727945312499 0.906658496875 0.006433823437499963 0.02328431249999987
1 0.606617646875 0.6178513070312499 0.020220587499999977 0.015114379687500002