4 0.38888546171875 0.53910707265625 0.2303327078125 0.1843908984375
5 0.50169367421875 0.39995137578125 0.12464327031250004 0.15480111406250002
6 0.10288522656250002 0.5433742625 0.025673690625000013 0.04594587187499997
6 0.09101914453125 0.20343989765624998 0.0165965890625 0.010854357812499993
6 0.1272560578125 0.219223815625 0.008187209374999994 0.010946821875000002
6 0.24294775078125 0.18268328828125 0.006031454687499993 0.010863023437500008
6 0.18949773359375 0.31061813515625003 0.008165985937499998 0.011451551562499995
6 0.23105754140624998 0.5638340203125 0.013248042187499998 0.011497978124999975
6 0.150430690625 0.51679385390625 0.011950343749999991 0.017653542187500017
6 0.12907441796875002 0.53348158203125 0.007107854687500015 0.015103510937499998
6 0.3264281015625 0.18842859218750002 0.00811118125000001 0.012983459374999983
6 0.11008713203125 0.9713155109375 0.01112882343749999 0.011040834374999874
6 0.142894821875 0.16957820390625 0.00695875625000002 0.006426229687499996
6 0.1731931625 0.327179778125 0.007216590624999996 0.01135831249999999
6 0.13322307265625 0.10255087421875 0.007285832812500015 0.012366998437500009
6 0.1327273171875 0.13860542343749999 0.00693665937500001 0.007061571875000006