0 0.75466944765625 0.2571223265625 0.11120062656249993 0.13933249375
3 0.03814283515625 0.4857347046875001 0.0179244640625 0.023983578125000005
3 0.35116290859375 0.20828459921875 0.013501464062500013 0.007247760937500037
3 0.36292095 0.21206243359375004 0.011392446874999962 0.020036189062499998
3 0.32648559062500004 0.21578596875000003 0.010456290625000041 0.0071622625000000275
3 0.32602702343749995 0.20844982109375 0.012332843750000011 0.0089635140625
3 0.1986359875 0.02439306484375 0.013383109375000002 0.021367198437500002
3 0.519391378125 0.051264815625 0.012275787499999958 0.012053028125000004
3 0.54843463828125 0.049276965625 0.012907645312500016 0.0056660312500000035
3 0.58228551484375 0.03750903203125 0.010090695312499953 0.011542920312500005
3 0.5589004390625 0.0488067234375 0.009287668750000044 0.004805265625000004
3 0.85202507109375 0.40448823906250003 0.009287670312500041 0.007034012500000042
3 0.863263246875 0.42536237578125 0.007258968749999895 0.010767654687500006
3 0.74966305546875 0.4626369875 0.007197670312499937 0.021965693749999994
3 0.552353215625 0.74088835078125 0.011586875000000062 0.009607642187499987
3 0.17341087187499998 0.81181745546875 0.0166987875 0.020808570312499875
3 0.4404556921875001 0.024259895312499998 0.007140615625000013 0.0193493125
3 0.40519619765625003 0.2727567890625 0.012888626562499983 0.004973374999999969