9 0.7904175921875 0.27940063125000003 0.12092699687500001 0.300057525
1 0.9405365703124999 0.41617837890625003 0.029091296874999985 0.03958530468749997
6 0.653224984375 0.301268415625 0.114148475 0.06300421875
3 0.6535232117187499 0.29503982578125 0.041662173437500005 0.013572032812500013
6 0.5358818578125 0.423329571875 0.045918662500000006 0.06001166874999999
7 0.379206096875 0.5227057242187501 0.043961321874999994 0.06035955156249999
6 0.48730048359375006 0.65347369375 0.09624761718749993 0.15290522812499993
6 0.5572522156249999 0.8545130437499999 0.03447097187499999 0.07249482812499988
3 0.43707164609374993 0.815308328125 0.03648908281249996 0.060776162500000105
6 0.19775890703125 0.72351338203125 0.04182118281249998 0.07290305468750002
6 0.46837533750000004 0.30465412890625 0.022011046874999975 0.05512135468750001
3 0.86358539609375 0.26859394765625 0.022923407812499973 0.03708482343749999
6 0.7076706429687499 0.39885107343750004 0.04108102968749998 0.06506293750000003
6 0.16335497734374999 0.91492803125 0.018771510937500003 0.015289603125000006