4 0.49638004453125006 0.53964587421875 0.09193426406249997 0.0706978796875
6 0.42942596015624995 0.4521931625000001 0.03602611093750001 0.05739385312499996
3 0.45720526484375 0.4395252125000001 0.017187573437499992 0.009378062499999996
3 0.47790869062499997 0.4457469625 0.019531474999999965 0.01432437499999999
3 0.48547024140624995 0.46553111250000007 0.015718460937500022 0.023877612500000023
3 0.51097473515625 0.46194453593749996 0.01801459218749999 0.008616090624999994
3 0.4999938929687501 0.48680637890625 0.007903410937500067 0.012962445312500038
3 0.5359529640625 0.47876176953125 0.019715368749999927 0.01317264218749994
3 0.5132983382812499 0.4914516171875 0.0096041890625 0.009978018749999951
3 0.51394146015625 0.49032178203125004 0.011260273437499978 0.01530750781250001
3 0.5193638179687501 0.48703737656250007 0.012731439062500006 0.021959521875000033
3 0.5144910968749999 0.47109050390624996 0.023023440625000013 0.008830673437500014
3 0.4451428828125 0.44293880625000004 0.009237421874999985 0.01415577812500004
3 0.44381092109375003 0.45020938203125 0.010800020312500002 0.014709745312499934
3 0.450499225 0.4727863687499999 0.004964156249999974 0.011512928124999978
3 0.34048210859375 0.21783348125000002 0.008134048437500008 0.00567106875000003
3 0.9566974593750001 0.5379761601562499 0.010845740625000034 0.006312626562500067