3 0.49168739921875 0.0036744343749999997 0.005191554687499966 0.007348868749999999
3 0.46194265781249993 0.06924074921875 0.02276280312500001 0.021734882812500002
3 0.27201817578125 0.06877250546875 0.007953129687499994 0.0193221390625
3 0.40248468359375 0.10817569296875 0.026241426562500038 0.009583626562500003
3 0.17474993125 0.20801604296875 0.009844040624999995 0.008208104687499995
3 0.6810008796875 0.5753512882812499 0.028040303125000055 0.022183626562499992
6 0.68311499453125 0.481825109375 0.36095184843749994 0.16019929375000003
1 0.61378451328125 0.5830569046875 0.026510320312499936 0.021178071875000003
6 0.46750458984375004 0.51697718828125 0.013613682812500017 0.011811907812499989
6 0.44196714296875 0.6219681984375001 0.018939126562499985 0.01786917499999996
6 0.83299700390625 0.49777935859374994 0.01815937968749992 0.007482289062499969
6 0.728041803125 0.508108259375 0.013870390625000084 0.02615605937500005
6 0.66922472265625 0.31301685703125004 0.02001229531250006 0.015446326562500001
3 0.66685711875 0.148963265625 0.026388781249999927 0.021082790625000004