0 0.333077696875 0.2976969296875 0.05614311875000002 0.07403937499999999
1 0.356087171875 0.328989815625 0.010124168749999995 0.012271718750000016
7 0.23659129921875 0.20443185859375 0.03620157343750004 0.059313314062500025
7 0.29058686796875 0.38564425546875 0.028838542187499972 0.07240314843750002
7 0.6846624726562499 0.5071342828125 0.08989034843750003 0.11985379687500002
7 0.81213496328125 0.7006184 0.05460915156250001 0.065040115625
7 0.50058667421875 0.58240083046875 0.04203064218750008 0.04785970781250004
6 0.17323854453125 0.26354064140625 0.008896998437500003 0.013907948437500029
6 0.04223793515625 0.06535236484375 0.022395885937500006 0.027406842187500002
6 0.032420558593749996 0.0575802765625 0.013805685937500001 0.032315528125
6 0.27156570156250004 0.515929015625 0.02577061249999999 0.028634012500000063
7 0.7535375015625 0.46806930781249995 0.06749445937500002 0.05972237187500005