0 0.49143156406250005 0.413568590625 0.17384343124999999 0.048172553124999996
3 0.51101430703125 0.5253314031249999 0.023808248437500002 0.00480625624999993
3 0.5725754015625 0.4769568632812501 0.02407274687500003 0.0072796453125000046
3 0.83632942421875 0.6364580148437501 0.022087126562500004 0.00602631406249996
3 0.6441086296874999 0.6133633664062501 0.011207834375000036 0.009142157812499985
3 0.2562399015625 0.37946042578125 0.031191068750000016 0.0051827640625
3 0.50182272421875 0.21569483671874998 0.021236682812499998 0.012039301562499993
3 0.95788330390625 0.68155865703125 0.011771873437499992 0.0072826328125000115
3 0.96827794609375 0.8469370429687499 0.011406623437499874 0.004407132812499981
3 0.9555196195312501 0.8097715414062499 0.015729970312500008 0.0033452078125000284
3 0.7946497812500001 0.7988866406249999 0.013370340625000043 0.004246015624999977
3 0.806121590625 0.78942608203125 0.011446049999999985 0.004172442187500014
3 0.42272652265625005 0.71785259296875 0.017459854687499998 0.003347548437499981
3 0.45136052421875006 0.73362859140625 0.017129648437499957 0.005365523437499941
3 0.6401837140625 0.74536370390625 0.017098984375000015 0.005958070312499952
3 0.60244243984375 0.7553147664062501 0.01057975156250004 0.00761852031250001
3 0.4923071804687501 0.74152508828125 0.005797492187500008 0.006081232812499948
3 0.25844541640625 0.6821828703125 0.015386626562500005 0.005376509375000005
3 0.05913685078124999 0.56301135859375 0.01416217031250001 0.008079907812500054
3 0.1236599 0.5432527054687499 0.011015090624999991 0.005783626562500021
3 0.3716461578125 0.380456653125 0.01848551875000002 0.008784303124999981
3 0.50092942421875 0.3101771515625 0.01988519531250006 0.01259356562499998
6 0.73394296953125 0.6771504375 0.011402242187499922 0.005483034374999996
3 0.230411628125 0.48313981874999995 0.013554325 0.007998015624999955
3 0.047089215625 0.58478718203125 0.005850059375000005 0.007203407812500018