0 0.8140123242187499 0.25653518828125 0.0660507015625 0.23169954218749997
7 0.7823943570312499 0.3335403546875 0.04554259218750003 0.12008900625
1 0.611511425 0.5889814250000001 0.03897961562499992 0.04485754374999997
1 0.54734631640625 0.6563335718750001 0.042651073437500034 0.05181126249999997
4 0.46856154296875 0.5749782453125001 0.10666217031249996 0.28106782187499996
4 0.4986498015625 0.37530718359375 0.07742676250000002 0.14240069531249996
0 0.3882024515625 0.4214309375 0.079672584375 0.29054285312499994
4 0.40347442890625 0.32064960703125 0.06474310468749996 0.15301131406250001
0 0.35109115546875 0.2809251265625 0.07272394218749997 0.392466321875
0 0.28252453906249997 0.46859245703124996 0.09125201562499999 0.3377859734375
6 0.5507826773437501 0.40090707890625 0.07098660156250007 0.1848931765625
7 0.65256276796875 0.18396982734375 0.12534582343749995 0.25209481718750004
6 0.26236459453125 0.31441645625 0.047369179687500026 0.063113309375
6 0.24009458515625 0.385757471875 0.06441023906250001 0.05719018124999997