4 0.59850547265625 0.4834245265625 0.05549730156250003 0.05422284374999995
4 0.47322947734375004 0.47635916171875003 0.06347561718749999 0.050465857812499945
2 0.41770647109375003 0.49541265390625 0.03364895781249997 0.03295447343750002
2 0.44298294375 0.51599800625 0.08598094062500002 0.034097234374999986
2 0.53150667734375 0.47342161484375006 0.046889804687500015 0.021628657812499962
2 0.4866460804687501 0.494940690625 0.03141051718750001 0.02540798750000004
2 0.50754968359375 0.4681042890625 0.07404417656250004 0.037765937500000034
8 0.48181799453125 0.5099144171875001 0.008441757812500051 0.0056375375
6 0.5203430140625 0.501976190625 0.08729653750000006 0.04269609687499996
6 0.44316467187499997 0.48761294609375005 0.033016046874999996 0.033866817187500065
6 0.561441834375 0.45668964296875 0.034643690625000015 0.007244076562500012
6 0.22055833203125 0.8558740054687501 0.02760226718750003 0.016377779687500114
6 0.95028350078125 0.36202447734375004 0.09282478906250002 0.059133767187499985
6 0.7342046843750001 0.4318701734375 0.051036859375 0.030995796875000002
6 0.74748536171875 0.42589112500000004 0.014841445312500045 0.014369374999999972