0 0.65917663828125 0.5232552273437501 0.05834989531249999 0.06242311718750004
0 0.48928038046874994 0.6212954546875 0.11613229531250005 0.06587203124999999
6 0.55008069140625 0.50763320234375 0.013007289062499972 0.013287801562499979
6 0.5076426617187499 0.5196447 0.02746285781250002 0.019093253125000053
6 0.45734165703124996 0.73081796796875 0.06009442968750003 0.04223278593750006
6 0.363301290625 0.8611779625 0.030858531249999998 0.03410258749999997
6 0.564009915625 0.72120783046875 0.01289561250000002 0.011159504687500021
6 0.58296016328125 0.6206078726562501 0.009811017187500059 0.00840968281249994
6 0.6854242578124999 0.5937772640625 0.04109230312499994 0.015338915625000027
6 0.5879961109374999 0.5564248234375 0.012881934375000004 0.01561547499999998
6 0.5150368335937501 0.5678777351562501 0.011664967187499986 0.019530404687500003
6 0.4935472195312499 0.65180391796875 0.020883432812499957 0.01690570156249995
6 0.44343978906250003 0.5250406515625 0.025267062500000038 0.013207696874999985
6 0.35058668125 0.45879847578124994 0.023226228125000015 0.05188806406250004
6 0.36190119296875 0.3260268875 0.01754131718749998 0.014670215624999993
6 0.35240651171875 0.6007656835937499 0.06135813906249998 0.01969685156249996
6 0.3950342984375 0.6487192343749999 0.04934676874999999 0.05169784062499998
6 0.2829300625 0.57620336640625 0.01725188124999999 0.02066003906249998
6 0.43770134375 0.576569125 0.027030981249999985 0.04142434062499998
6 0.35448153828124995 0.6393050390624999 0.022412629687499974 0.008784278125
6 0.39056522421875 0.68329737421875 0.04395470156249996 0.02012230781250004
6 0.32310455390625 0.6885923664062499 0.010917454687499984 0.01620407031250002
6 0.32412609921874996 0.66237031328125 0.018252357812499963 0.01538354843750005
6 0.31165893125000005 0.65723063984375 0.02732497812500001 0.006429901562500007
6 0.29699027890625 0.67659186640625 0.015002526562500007 0.010264726562500038
6 0.38974870078125 0.49613336874999997 0.012615292187500016 0.011611281249999994
6 0.34124691562500004 0.6154792578125 0.022199549999999978 0.014295621874999932
6 0.15450888749999997 0.46015278593750003 0.016918006249999996 0.016459774999999954
6 0.33111059140625 0.63830802734375 0.012610735937500017 0.011254614062499968
6 0.32841057500000004 0.65213394296875 0.013842528124999998 0.0044351171875000265
6 0.23586000468749999 0.5863777476562501 0.011846137499999987 0.017405032812499943
6 0.3130160546875 0.6344020609375001 0.012322450000000007 0.010761134375000037
6 0.419475765625 0.58621855390625 0.00723234374999997 0.007559532812499992
6 0.3533801859375 0.55907120390625 0.010250856249999973 0.007235417187500026
6 0.22254506796875 0.6082537554687499 0.012748614062499986 0.012785545312500002
6 0.17834997968750002 0.7057861960937499 0.019426034375000012 0.0068074203124999675
6 0.13345409687499998 0.7897749390625 0.015456046874999995 0.007262121874999927
6 0.600744196875 0.637725921875 0.010508375000000037 0.009655278125000066
6 0.32213937734375 0.6217696085937501 0.006530423437500011 0.011869910937500006
6 0.313784059375 0.61008114453125 0.013300131250000024 0.005181382812500068
6 0.25154396015625 0.61271996171875 0.015918682812499974 0.007140307812499991
6 0.23814640859375 0.6220275390625 0.0106462546875 0.007063124999999992
6 0.50842098515625 0.64991320703125 0.010384176562499991 0.01302332343749999
6 0.46271318515625 0.6614401867187499 0.00728590156249993 0.007491123437500047
6 0.5388588984375 0.295030728125 0.013278487499999958 0.02706323750000004
6 0.0721659796875 0.6448903828124999 0.007872740624999996 0.018962665624999975
6 0.1968929484375 0.80360028359375 0.014843003124999999 0.014158804687500037
6 0.5902813867187501 0.61381526484375 0.005303189062499936 0.008385904687500024
6 0.666593171875 0.8875487890624999 0.014740446874999957 0.009108390625000063
6 0.66378831796875 0.8999522359375 0.014962645312500022 0.0130471
6 0.6803980992187499 0.89814328671875 0.02012339531250005 0.020909895312500027
6 0.682746028125 0.9163062835937501 0.007783859374999924 0.011444839062500023
6 0.007334635156250001 0.5474690085937499 0.011708254687500001 0.020113151562499976
3 0.9273945234374998 0.74311607578125 0.01305057499999993 0.01867440781250007