6 0.232966321875 0.35886248203125 0.05945217812500001 0.07684230781250001
9 0.21266884296875005 0.33069542109375 0.016998289062500005 0.010450904687500007
3 0.269531953125 0.38166808750000003 0.042906887500000004 0.06370307187499998
3 0.6627736671875 0.1550864671875 0.03440960937500002 0.018135978125000007
3 0.6836267351562499 0.2106812515625 0.016276679687500017 0.02095271249999997
3 0.6213960328124999 0.28400772890625003 0.016211128124999964 0.005690473437499977
7 0.694544628125 0.3088675875 0.0065269812499999524 0.024261068750000003
6 0.65637831640625 0.19773197343749999 0.07080551406250005 0.06096913437499998
3 0.9627855679687499 0.3166620015625 0.017197617187500035 0.02765263124999997
3 0.59759334296875 0.364712115625 0.006604795312500045 0.015574149999999998
3 0.29273803046875 0.23028924218749997 0.016571932812500023 0.01334514062500003