9 0.21521739765625 0.51923183828125 0.04518129843749998 0.12890594531250005
9 0.10702442421875 0.4367581359375 0.02423812343749999 0.12446726875
9 0.1256926953125 0.36770958359375 0.15235975624999998 0.041282920312499985
9 0.49424166796874996 0.74359974765625 0.1699411515625 0.03187462968750001
9 0.379592959375 0.37356478515624997 0.11611030312499997 0.07527503593749998
9 0.30013929453125004 0.14860069999999997 0.10156039843750002 0.0799221125
9 0.75370594453125 0.45840680390625 0.04579410156249999 0.11473013281249997
9 0.5610339453125001 0.43854655546874993 0.09138315937499994 0.08081538281249996
9 0.29038797499999996 0.19426018359375 0.05942953750000002 0.014068485937499986
9 0.5242324265625 0.18335712734374998 0.05349781562500002 0.054730164062499996
9 0.67498602421875 0.1165979140625 0.021341676562500033 0.098101359375
9 0.51802492890625 0.40475438984374995 0.01599160156250008 0.07992985156249999
9 0.7942287546875001 0.38813492734375 0.06194558750000008 0.012444176562499987
9 0.66159909453125 0.3755297015625 0.018599326562500008 0.0063350156250000286
9 0.83793488515625 0.34908369609375 0.07123361718750001 0.10250945781250001
9 0.82911629453125 0.43251086171875 0.05689664531250003 0.04336778906249998
9 0.6747768796875 0.07084394921875001 0.04586683124999995 0.08552800468750002
9 0.61109840546875 0.1407165421875 0.005520485937499942 0.04303163750000001
9 0.6816720679687499 0.0903781984375 0.007262692187499998 0.09239488437500001
9 0.67943657890625 0.15407512421875 0.004480026562499973 0.015749120312499996
9 0.56928304609375 0.413930509375 0.026709542187499925 0.017680431249999982
9 0.315254109375 0.177520646875 0.019682309374999995 0.014211278124999982
9 0.43812297578125003 0.34173868203125 0.010799620312499947 0.05970608906249999
9 0.79234366875 0.162577546875 0.018100937500000035 0.013876115624999996
7 0.25429630234375 0.19710661015625 0.08249205156249997 0.04811297031249997
7 0.47698389140625 0.24447355625 0.08551785468749999 0.07187532812499997
6 0.42642104765625 0.2121116296875 0.0642400671875 0.05706125312499999
7 0.31015580546875 0.2163686140625 0.018482176562500018 0.017932034375000017
7 0.31918906484375 0.342701615625 0.09028312656250001 0.03975924687500001
7 0.9879529046875 0.20121846093749998 0.009361828125000037 0.03326544687499999
7 0.5138985109374999 0.345237978125 0.030866115624999947 0.07873929999999998
7 0.4326963796875001 0.21187410703124998 0.06262343437500002 0.0612706703125
7 0.7713587578125001 0.1519420359375 0.01764486249999999 0.04530683437500001
3 0.36188714921875 0.67981388125 0.018890254687500007 0.020571546874999937
6 0.55644497421875 0.75349573828125 0.012258367187499975 0.019792414062500006
6 0.41694365156249996 0.780280803125 0.05781016874999998 0.10156079062500005