4 0.6150177335937499 0.5236726140625001 0.06152269218750002 0.052575753125
4 0.49642300937500006 0.54113690703125 0.06544438437499993 0.04658121406250002
2 0.43411234531250004 0.528509553125 0.03512716874999997 0.031221262499999992
2 0.45683225000000005 0.50520531328125 0.08599529062500003 0.02827306406250001
2 0.5508408164062499 0.5378767476562499 0.04725985781249999 0.02168058593749995
2 0.50490261015625 0.52124493984375 0.03270433906249996 0.023857864062499966
2 0.5292755351562499 0.546652959375 0.07607186718749999 0.03265204375000001
8 0.49534340468749993 0.5075550140624999 0.008980124999999983 0.004961009375000014
6 0.5326431421875 0.5129173921875 0.08833242500000002 0.042639106250000045
6 0.4618656843749999 0.533698871875 0.027347440625000007 0.03374494062500002
6 0.5845230242187499 0.5531060359375 0.03443025468750003 0.004137678124999944
6 0.1688569859375 0.18678902265625 0.027847965625000005 0.0157628828125
6 0.9668214835937501 0.59939919453125 0.06635703281249991 0.027298817187500025
6 0.7584173234374999 0.56274329609375 0.049608499999999986 0.028918573437499973
6 0.77286934921875 0.5666256796875 0.015530276562499968 0.013681190625000016