8 0.138800546875 0.0674093671875 0.022827481250000003 0.017528425000000004
8 0.79958181640625 0.41597552265625 0.014616664062500107 0.015055479687499939
8 0.51090691015625 0.47875274765625003 0.01787540156250005 0.01745661406249992
8 0.42870327656249996 0.49806063749999996 0.022421987500000018 0.0109035875
8 0.7997881296875 0.91545985703125 0.0178195875000001 0.012797960937500009
6 0.66315927890625 0.946595090625 0.052169382812500054 0.036047796874999885
6 0.42066627890625 0.25540287734375 0.01870346718749998 0.02475268906250001
6 0.09933772031250002 0.19318104140624998 0.07120621875000001 0.026126976562500005
3 0.41283763437500004 0.35684519609375 0.022440593750000026 0.015685001562499988
3 0.8864385703125001 0.50328374609375 0.02069143750000002 0.013484245312500054
3 0.0748413625 0.7407434710937499 0.025993193749999997 0.010797589062500012
3 0.87677487578125 0.9411226429687499 0.016199901562499973 0.010224826562499878
3 0.6129096859375001 0.88420488984375 0.027226753124999982 0.01491357656249992