6 0.44436748593750003 0.4977164078125 0.139487828125 0.4117756343750001
6 0.4113316171875 0.57378336953125 0.06547112812499996 0.1279159703125
6 0.3104247828125 0.5160825703125 0.151931175 0.361750309375
7 0.1699939609375 0.2300969 0.19168078125000002 0.35075358124999995
7 0.27819744453124995 0.29071261953125005 0.07068808281250001 0.2076925609375
7 0.160308140625 0.34118721640625 0.27248462500000004 0.5139095890625
7 0.40579534140624995 0.8013499921875 0.10212604218749996 0.23024759374999998
7 0.42106258046875 0.8606900585937499 0.06333815781250003 0.057160732812499934
7 0.33785179765624995 0.9153016046875001 0.09658244843749997 0.134289725
7 0.22813375703125 0.5864806078125 0.09902557031249999 0.13251788437499998
0 0.2948561703125 0.8039909062499999 0.16261892812499998 0.22840821875