6 0.26344086015625 0.2804939515625 0.13037634531250003 0.03125
6 0.34711021484375004 0.35345262109375 0.0604838703125 0.24168346718749997
0 0.52906586015625 0.43737399140625 0.04737903281250002 0.028981854687500076
1 0.50957661328125 0.4477066531249999 0.007728495312499995 0.00630040312500002
1 0.4761424726562501 0.29397681484375 0.009408601562499985 0.005292339062499973
1 0.49815188125 0.24344758046874998 0.009072581250000055 0.0035282265625000255
0 0.49764784921875 0.2663810484375 0.020833332812499973 0.046875
4 0.5280577960937499 0.27860383046875004 0.026545698437500053 0.027469757812500006
7 0.53209005390625 0.25894657265625 0.04200268906250004 0.01486895156250001
7 0.36071908593749996 0.10609878984375001 0.027889784374999983 0.058467742187500005
3 0.6496975804687499 0.6745211695312501 0.01915322656249998 0.007308467187499978