2 0.5570369640624999 0.7395748515625 0.25853205312500005 0.09843075312499998
2 0.31109918671875 0.7002989484375 0.21810042968750004 0.2217858593750001
0 0.5763412812500001 0.6327361351562499 0.3330837187499999 0.1585469578125
8 0.38510937265625006 0.60903460859375 0.04456172343750002 0.016538548437499932
7 0.8274500078125 0.18327634140625002 0.1508859718749999 0.2256496453125
7 0.25910985234375 0.9392121203125001 0.024786370312500017 0.01757522812500003
7 0.6061021 0.45998615625 0.3322217125 0.14035619999999996
7 0.472869784375 0.28085154609375 0.18892091562500002 0.3058462609375
7 0.6014209046875 0.23082824453125 0.1699067093749999 0.13360190781249998
6 0.13678693515625 0.5261844 0.024942226562499982 0.021628003124999927
6 0.14600024296875 0.5227941015625 0.0334125640625 0.01976179687499995
6 0.47581550078124996 0.17549131093749998 0.0231901578125 0.023288996875000013
6 0.583907365625 0.853597165625 0.04490330937499998 0.04855139999999984
1 0.7225107304687499 0.57758685 0.0403625671875 0.048248387500000066