6 0.5094069046875 0.51019944140625 0.09307199062499993 0.035636207812499966
6 0.78686011875 0.7869344664062499 0.139539346875 0.05052097343749997
9 0.46958195625 0.496786221875 0.00882001562500001 0.015882393750000022
6 0.747766515625 0.23757939453125002 0.08418194375000007 0.056341129687500005
6 0.38996749374999995 0.12531768671875 0.08482907812499998 0.009378092187499987
6 0.78018253828125 0.06796316718749999 0.027475376562500032 0.009338243749999997
3 0.9504109187499999 0.15782319218750002 0.025551900000000138 0.007355206249999991
3 0.8102310492187501 0.36668429218750004 0.01992841406250001 0.013534699999999988
3 0.335333275 0.30860950703125 0.02489539999999999 0.005931217187499982
3 0.8352660148437501 0.43638481015624997 0.022830560937500088 0.007227501562500027
3 0.76585631796875 0.47584710625 0.01254253906249998 0.012097803124999995
3 0.0059980078125 0.294614784375 0.011996015625 0.014848646874999982