6 0.50493421015625 0.68875 0.07785087656250003 0.04850000000000003
3 0.41200657890625003 0.6224999999999999 0.029057017187500023 0.0040000000000000036
3 0.60882675390625 0.68525 0.029057017187499933 0.010500000000000042
3 0.45531798281249997 0.79475 0.03563596562500004 0.007000000000000029
7 0.453125 0.56275 0.014802631250000076 0.00550000000000006
1 0.36787280703125 0.46225000000000005 0.020833332812500015 0.007500000000000018
3 0.40597587734375 0.26312499999999994 0.011513157812500018 0.004249999999999999
3 0.40652412265625004 0.899 0.010416667187500029 0.015500000000000114
3 0.9317434210937501 0.8724999999999999 0.021381579687500006 0.019500000000000028
3 0.7724780703125 0.9515 0.020833334375000057 0.01650000000000009
3 0.16639254375 0.6275000000000001 0.027960525000000014 0.006500000000000039
6 0.329221490625 0.38537499999999997 0.013706140624999997 0.00874999999999999
3 0.65597587734375 0.36512500000000003 0.014802632812499984 0.008250000000000002
6 0.8697916671874999 0.8053750000000001 0.01918859687500003 0.01175000000000006