0 0.37091503203125 0.8121936281250001 0.17483660156249997 0.10232843125000005
0 0.45241013046875 0.5825674015625 0.14746732031250004 0.07077205937500004
0 0.26327614375 0.38311887265625 0.1499183 0.03339460781249999
0 0.20772058828125 0.34267769609375 0.061683007812500024 0.032781864062499985
0 0.25490196093749995 0.48927696093749995 0.05637254999999999 0.07107843125000005
0 0.47467320312499994 0.23820465703125002 0.08006535937499999 0.024816176562499993
0 0.19138071953125002 0.2905943625 0.0502450984375 0.04564950937500001
0 0.05780228828125 0.34604779375000005 0.06740196093749999 0.03523284375000002
0 0.0584150328125 0.11795343124999999 0.034313725 0.04595588125
0 0.01491013125 0.08256740234375 0.028186275 0.020526960937500005
7 0.46303104609375 0.63756127421875 0.03308823593749999 0.02634803906250003
7 0.2677696078125 0.78783701015625 0.056781046874999984 0.03645833281249997
1 0.1921977125 0.377757353125 0.008578431249999996 0.006127450000000012
1 0.43831699375 0.23958333359374998 0.007352940624999959 0.012254901562499976
4 0.1515522875 0.358915440625 0.09313725625 0.051164215624999974
6 0.09129901953125 0.27604166640625 0.1825980390625 0.10723039218750001
6 0.01041666640625 0.015625 0.0208333328125 0.03125
6 0.06964869296875001 0.067555146875 0.029003267187500004 0.01991421562500001
6 0.23141339843750003 0.676164215625 0.016748365624999994 0.015931371875
3 0.31944444375000003 0.8900122546875 0.017973856249999986 0.021446078125000056