2 0.55456028203125 0.5031004273437499 0.09909898593749995 0.08388982031250007
8 0.5120919484374999 0.473500125 0.01402445937500003 0.01344265
6 0.7700038929687499 0.46918441875 0.02760744218749993 0.06515489062499995
3 0.02252730859375 0.22429058671875 0.021789473437499998 0.021417051562499977
3 0.19713866093750002 0.7248169203125 0.012173418749999975 0.013105749999999982
3 0.1986938890625 0.65474263046875 0.009078571875000007 0.011044442187500003
3 0.24645954531249997 0.9202014671874998 0.015816621874999992 0.004508575000000015
3 0.264976828125 0.90090068046875 0.005114721874999973 0.00958890156250014
3 0.24696144296874997 0.8842761156250001 0.010519114062499968 0.005042384374999998
3 0.2642519484375 0.8460094742187501 0.009095599999999981 0.010974448437499973
3 0.18620360546875 0.77560448203125 0.014086414062499997 0.006004023437500017
3 0.34405379609375003 0.83739007578125 0.019383920312500004 0.0036607703125000057
3 0.34770468359375 0.9104483867187501 0.014851614062499996 0.008771182812500023
3 0.41913273828125003 0.91754391484375 0.012218348437500026 0.004476523437499935
3 0.48271443593749996 0.93389046328125 0.01792943125000006 0.005112379687500024
3 0.43996027421875006 0.96053992578125 0.010625995312499992 0.0036568390624999838
3 0.4788225875 0.98558471328125 0.013014521875000008 0.004014676562499986
3 0.484124 0.9429475234375 0.014193293750000002 0.008167378125000013
3 0.47563635 0.9704186374999999 0.013810696874999983 0.005648153124999844
3 0.4930848109375 0.9821238015624999 0.011560031249999981 0.004830431249999911
3 0.5795519992187501 0.8638649304687501 0.0074862234374999835 0.010938467187500045
3 0.56715240390625 0.891512996875 0.01312140156249999 0.008629224999999963
3 0.5738300351562501 0.9113855390625 0.012600945312499955 0.007315643749999978
3 0.63506352578125 0.86831235390625 0.010043582812499974 0.009021079687500055
3 0.6813354515625 0.7977651046875 0.012662899999999944 0.007921412500000002
3 0.65008895703125 0.4320267390625 0.02110017968750002 0.017120428124999965
3 0.78013035859375 0.45775908281250005 0.009705914062500032 0.015554981249999943
3 0.57037152734375 0.440806084375 0.019246064062500068 0.009342937500000037
3 0.6901075789062501 0.4599485890625 0.015082401562500004 0.01122434375000001
3 0.6780069945312499 0.40930003671875 0.011284314062500033 0.006251954687500038
3 0.6634206765625 0.8738924749999999 0.005910896875000038 0.009021078124999882
3 0.65848176640625 0.8627750898437501 0.012080485937500019 0.004760435937499885
3 0.5815594617187501 0.88332861171875 0.007792917187500059 0.008807160937499958
3 0.10975990390624998 0.8368068296874999 0.0146378484375 0.005112378125000028
3 0.18740106484375 0.6469271953125 0.015740717187499986 0.014527275000000017
3 0.1936850953125 0.877236521875 0.008268446875000012 0.00575412812499998
3 0.26737162421875 0.80470385546875 0.010350279687499997 0.005930098437499964