6 0.3997314984375 0.6248782671875001 0.46150531250000004 0.39848772187500003
2 0.48817695859375 0.79056313359375 0.056013682812500055 0.06188965468749998
2 0.5657799875 0.7997485617187501 0.10792452500000005 0.06238530468749994
2 0.5646150515625 0.76131534921875 0.10867898124999993 0.041512882812499985
2 0.5729609546875001 0.72808514921875 0.09213463124999999 0.04923735468750001
2 0.6442322265625 0.824304896875 0.07362260937500001 0.09011817187500011
2 0.7132601703124999 0.860578978125 0.09653796249999998 0.06712346562500002
2 0.742021878125 0.8054100078124999 0.1110577375 0.07806659375000002
2 0.77326892421875 0.733043975 0.10252472343749996 0.08659269999999993
2 0.6710398804687501 0.74723020703125 0.09586564531250001 0.0779296890625
2 0.6494297023437501 0.69249928671875 0.09383867031250004 0.08315846406249996
2 0.5759511625 0.5596751960937499 0.10876792187499999 0.08832822656249997
2 0.75526116328125 0.565964965625 0.11733378906249996 0.050887946875
2 0.40413566718749994 0.40323976328125 0.125159625 0.05393742968749997
2 0.36057754296875 0.3331345859375 0.10215891406250002 0.10080176562500003
2 0.52969760234375 0.14877463671875 0.14031846718749996 0.08672080468750001
8 0.33852762890625 0.2910486296875 0.019921973437500018 0.01632260000000003
8 0.5418888445312501 0.5292525671874999 0.01072866718749994 0.008600618749999978
8 0.6978116585937499 0.78155568046875 0.01221914843750005 0.010280895312499982
8 0.46875567890625 0.39824040234374997 0.007468435937499951 0.010092942187499964