4 0.79783805234375 0.26698328203125 0.024476351562500033 0.01723458281250001
4 0.26514786484375 0.47606300390625 0.027532154687499987 0.01925642656250002
7 0.510177146875 0.9721300796874999 0.087475446875 0.055739840624999995
3 0.37514762578124994 0.8620799328125 0.013395982812500007 0.0037575312500001345
3 0.39461463124999996 0.8702177796874999 0.014489709375000003 0.006628484374999921
3 0.39777724140625 0.8774560445312499 0.01454311406249995 0.007820985937499891
3 0.40168004140624997 0.8803707062499999 0.010633904687499963 0.005269487499999848
3 0.43014570937499996 0.8746085062500001 0.014382900000000021 0.009692987499999894
3 0.40088220625000004 0.81057338125 0.010913746874999974 0.01065240312500002
3 0.39705739140625 0.7702051765625 0.01746540468750002 0.007568128125000051
3 0.288248940625 0.7509206390625 0.009886243750000023 0.01119870624999999
3 0.25458816406249996 0.5521706546875 0.0049238906249999825 0.010419312499999922
3 0.8220118460937499 0.9895727210937502 0.0175722140625 0.004816839062499944
3 0.38942588671875 0.777213471875 0.008632304687500003 0.005516106249999986