6 0.21861116875 0.576465390625 0.049993040624999985 0.04335857812499997
6 0.22579131953124998 0.40176504765625004 0.010487701562499962 0.016372764062500034
6 0.1436948578125 0.6051914937499999 0.011834578124999995 0.013553509374999972
6 0.34871887265624996 0.3106207515625 0.01649038906249998 0.010585384375000029
6 0.33609697499999996 0.36189300703125 0.010316903124999976 0.01039304218749999
6 0.3501052203125 0.4679477578125001 0.01327264687499996 0.013319009374999968
6 0.37650263281249996 0.50611904140625 0.03828867812500003 0.016458395312499974
6 0.37136870703125 0.47907591875 0.00656357968750001 0.008642206250000051
6 0.25643494140625 0.4619858109375 0.007813460937500016 0.01931980937499995
6 0.31991541328124995 0.55061453671875 0.007696957812499993 0.014450664062499997
6 0.3380204703125 0.55406944453125 0.007953153124999978 0.009332529687499935
6 0.4904891453125 0.43250089843749995 0.01383354062500004 0.020110256250000003
6 0.43830393515625 0.42406947187499994 0.013315348437499975 0.010756646874999998
6 0.49452737578125 0.47231498671875 0.018153554687500063 0.02598985156250002
6 0.74071160078125 0.48827872890625007 0.09425486406249997 0.09242549531249997
6 0.6910711460937501 0.65962296015625 0.09038770781250002 0.10326118593749997
6 0.78667906171875 0.4594156085937501 0.02099491406249996 0.028438917187499958
6 0.78739598046875 0.48273573046874996 0.0163738859375 0.02944936718750002
6 0.62419477578125 0.5392624546875 0.008061742187499998 0.014073884375000035
6 0.6176588484375 0.60162202734375 0.01328424374999999 0.015354407812499993
6 0.60729750625 0.346674325 0.012096571874999995 0.009966203125000028
6 0.9272468921874999 0.60665983828125 0.027014993749999938 0.022758245312500057
6 0.42580428828125 0.5799598429687499 0.011273685937499955 0.005758398437499946
6 0.08916444999999999 0.35117980390625 0.014047037499999993 0.010200701562499992
6 0.36297880390625 0.49459170624999993 0.011675373437500003 0.01172362812500003
6 0.36296763671875 0.09518216015625 0.018093464062499988 0.02688700781250001
3 0.5541034625 0.6382657632812501 0.018031253124999935 0.012719592187499984
6 0.24117613359374998 0.10489408671875 0.018770857812500007 0.014629829687499995