1 0.9889680937499999 0.71727065078125 0.004541878124999954 0.010203554687500027
1 0.47619710625 0.7939597218750001 0.022205537500000004 0.0170283875
5 0.31046510703124996 0.8740729 0.09477599531249999 0.07403458124999993
7 0.4391110328125 0.92162493203125 0.10978820937500004 0.11109621718750003
7 0.40910882187500003 0.8049476640624998 0.055760612499999994 0.06937501249999993
7 0.79894439375 0.10433053203125 0.12388892187500007 0.1255895328125
6 0.6882903375 0.0330334375 0.09208884062499996 0.066066875
7 0.15250925859375 0.15061313359375 0.15419892656249998 0.11401651406250002
6 0.28671638046875003 0.28004702109375 0.03978076718749999 0.035252576562500026
6 0.2205593640625 0.58681984296875 0.25069456875 0.0960021453125
7 0.881731946875 0.48606643671875 0.047844665625000005 0.0834574671875