7 0.9239243312500001 0.13236361562500001 0.030680418750000094 0.016200165624999995
7 0.9020591023437501 0.15164605390625 0.060826132812499975 0.0196401015625
7 0.83069581796875 0.19192851640625 0.04074803593750005 0.028878510937500025
7 0.8037642 0.21896757031250003 0.06844692812499993 0.057297496875000006
7 0.67189395234375 0.3818710140625 0.05055320468750004 0.03555824374999998
7 0.6640281554687499 0.45530905546875006 0.06430132343750002 0.06813137656250001
7 0.6111731718750001 0.4320302421875001 0.10737566875000004 0.05932150312499997
7 0.67332046640625 0.4296927015625 0.07313257968749998 0.03915570312500005
7 0.48575516015625003 0.48304601875 0.09907467968750003 0.06904046562499992
7 0.45098357734374994 0.41253844609375 0.0873020453125 0.0516271046875
7 0.43897393593749995 0.373342540625 0.07038849062500008 0.06207134999999999
7 0.3411534859375 0.42449224921875006 0.15701389062499999 0.10166561406249999
7 0.27257496875 0.6490330023437499 0.11595875624999996 0.09555091093749998
7 0.26321701171875 0.5900798890625 0.08309575156250001 0.05136506249999995
7 0.3542786 0.69627441328125 0.06747835312500002 0.07303757968749994
7 0.57024354453125 0.70073931484375 0.13749193281249994 0.0934129203125
7 0.5542154984375001 0.60120173828125 0.19824041562500003 0.15358581406250008
7 0.57840836796875 0.49697878125 0.047216376562499995 0.063658965625
7 0.65415739609375 0.5289997125 0.05851588593749994 0.054288203125000045
6 0.5383650875 0.45884293359374995 0.043214500000000024 0.03559658906249998
7 0.44404934531249995 0.6963907796875 0.11998653124999996 0.087238975
7 0.44161143750000004 0.66744633984375 0.11063663750000004 0.04865356093750002
7 0.5997853953125001 0.78850080234375 0.11533656562500001 0.0627509265625
7 0.4697106671875 0.6255521109375 0.07322363750000002 0.06965386562499995
7 0.5156625625 0.61181030546875 0.08548278125 0.07819012343749998
7 0.38434081249999996 0.6125562718750001 0.112382696875 0.06941173125000004
7 0.22666995703124998 0.7352192125 0.0596558234375 0.05753276249999999
7 0.30952604453125004 0.8115255726562498 0.06958865156249998 0.032894551562499964
7 0.3503910296875 0.831416184375 0.05843552812499997 0.05947068125000001
7 0.47998318828125 0.759057965625 0.15076424531250004 0.10197280312500005
0 0.2159086796875 0.54822001484375 0.06624201874999998 0.06954990156249999
7 0.28527995234375003 0.5087043007812501 0.08427854843749998 0.026895445312500054
7 0.2515367109375 0.3570572078125 0.04702176874999999 0.02497484375000001
7 0.2519332296875 0.95700598046875 0.038523484375000014 0.030427779687500055
7 0.5533031953125 0.62637115390625 0.040170468749999966 0.05020703593749998
7 0.3880534453125 0.5501687593750001 0.02758550937500006 0.023271700000000006
7 0.3540290609375 0.58619728671875 0.027955084375000005 0.027600748437500044
7 0.32782899453125003 0.6190322164062501 0.029676164062499975 0.02564761718749997