0 0.42708333281250005 0.51470588203125 0.018382353124999983 0.029411764062500012
0 0.4693627453125 0.5474877453125 0.026960784375000026 0.026960784375000026
0 0.48039215703125004 0.5424325984375 0.029411764062500012 0.02971813750000001
0 0.68995098046875 0.0084252453125 0.02532679843750003 0.016850490625
0 0.56535947734375 0.28354779453125 0.03839869218749996 0.011948529687499976
0 0.58312908515625 0.315257353125 0.013480392187500013 0.02696078437499998
0 0.5222630718750001 0.28753063671875 0.015931371875 0.0235906859375
0 0.3743872546875 0.76807598046875 0.03799019687500001 0.033700979687499986
6 0.6938316992187501 0.023743872656249998 0.020833332812499973 0.013786764062499998
6 0.644199346875 0.055912990625000006 0.02614379062500003 0.021139706249999994
6 0.71507352890625 0.02113970546875 0.03227124218749999 0.018995098437499996
6 0.6609477125 0.046415440625000005 0.009803921875000033 0.011335784375000008
6 0.674632353125 0.0490196078125 0.016748365624999994 0.010416665625000005
6 0.6911764703125 0.0525428921875 0.025326796875000036 0.012561275
6 0.62745098046875 0.12745098046874997 0.011437907812500026 0.010416667187500006
6 0.6625816999999999 0.12576593125 0.017973856249999986 0.011335784375000001
6 0.6252042484375 0.1508884796875 0.014297384374999922 0.011335784375000001
6 0.5990604578125 0.16222426484375002 0.011029412500000025 0.006433823437499986
6 0.6264297390625 0.17095588203125 0.008578431249999952 0.006127451562500008
6 0.6078431375 0.20343137265625 0.01879085000000007 0.012254901562499998
6 0.58292483671875 0.18367034375 0.008169935937500039 0.007046568750000004
6 0.5559640515625001 0.31403186328125 0.03594771250000006 0.013480392187500013
6 0.56903594765625 0.32889093125 0.0310457515625 0.008884803124999997
6 0.57843137265625 0.36106004921875 0.02369281093750004 0.0082720578125
6 0.62622548984375 0.34757965625000004 0.005718954687499967 0.007046568750000004
6 0.8110702609375 0.26148897031249996 0.028186274999999927 0.014399509374999963
6 0.7099673203125001 0.56648284296875 0.02042483749999997 0.015318626562500003
6 0.57741013046875 0.4822303921874999 0.014297385937500007 0.016544118749999993
6 0.62642973828125 0.2515318625 0.011029410937499939 0.010416665624999988
6 0.39031862734375 0.6803002453125 0.037173201562499966 0.02236519687499996
6 0.4048202609375 0.58869485234375 0.008169934374999955 0.006433823437500053
6 0.47079248359375 0.4227941171875 0.027369279687500025 0.021446078125000056
6 0.4505718953124999 0.58210784296875 0.04330065312500002 0.02757352968750002
6 0.47977941171875005 0.5796568625 0.014297385937500007 0.011642156249999935
6 0.5892565359375 0.48253676484375 0.013480390625000015 0.009191176562499948
6 0.57761437890625 0.44990808828124995 0.004901960937499972 0.006433823437499963
6 0.43198529453124995 0.49142156796875 0.011846404687500024 0.017769607812499987
6 0.308210784375 0.780943628125 0.015931371875 0.012867646874999927
6 0.305147059375 0.84405637265625 0.026960784375000026 0.02818627343750002
6 0.41094771249999995 0.62025122578125 0.012254903125000017 0.013174020312500012
6 0.4364787578125 0.5295649515624999 0.016748365624999994 0.005821078124999967
6 0.51082516328125 0.45128676484375 0.029003267187500015 0.022058823437500052
6 0.318423203125 0.9004289218749999 0.028186275000000018 0.014093137499999919
6 0.22610294140625 0.9526654406249999 0.013480392187500013 0.011335784375000024
6 0.29983660078124996 0.82291666640625 0.014705882812500005 0.011029410937500117
6 0.41196895468749994 0.68213848046875 0.007761437500000046 0.023590685937499956
6 0.36335784296874996 0.6901041671875 0.011029410937499984 0.012561275000000016
6 0.327818628125 0.86121323515625 0.009395425000000035 0.015931373437499907
6 0.33537581640625 0.77818627421875 0.0310457515625 0.023284314062500044
6 0.330065359375 0.84129901953125 0.010620915624999982 0.007352942187499956
6 0.32026143828125 0.82965686328125 0.006535948437499961 0.007965685937499956
6 0.46078431328124997 0.43627451015625 0.01225490156250002 0.0067401953124999634
6 0.38255718984375 0.71691176484375 0.03227124218749999 0.01899509843749998
6 0.37663398671875 0.73039215625 0.01960784218749998 0.012867646875000017
6 0.35477941171875005 0.76194852890625 0.006944445312500003 0.009191176562500037
6 0.3645833328125 0.7351409312499999 0.010212418749999985 0.008884803124999952
6 0.3880718953125 0.74617034296875 0.02941176562500001 0.016850489062499995
6 0.31944444375 0.8186274515624999 0.008986928124999993 0.008578431249999952
6 0.3619281046875 0.8439031859374999 0.010620915624999982 0.013174018750000016
6 0.32434640546875004 0.9139093132812501 0.01633987031250004 0.01225490156249993
6 0.34293300625 0.9162071078125 0.015931371875 0.016850490624999992
6 0.2806372546875 0.9785539210937501 0.015522875000000002 0.009191176562499948
6 0.27328431328125 0.9905024507812499 0.01388888906250001 0.011029410937499939
4 0.6484885625000001 0.10431985234374999 0.018382353124999983 0.011948529687499997
7 0.6294934640625 0.18167892187499998 0.03513071874999998 0.017156862500000016
7 0.7236519609375 0.00704656875 0.046977124999999995 0.0140931375
7 0.51940359453125 0.352787990625 0.024918301562500033 0.019914215624999974
7 0.54309640546875 0.48606004921875 0.02410130781250004 0.01868872656249998
7 0.47569444453125 0.5076593132812499 0.02982026093750001 0.022058823437499965
7 0.501225490625 0.51960784296875 0.036764706249999966 0.025122548437500038
7 0.478553921875 0.48406862734375 0.03308823437499999 0.023897057812500046
7 0.396446078125 0.6551776960937501 0.04207516250000003 0.02787990156250002
7 0.528186275 0.47120098046875 0.02777777812500002 0.02083333281250006
2 0.7871732023437501 0.32337622578124997 0.028594770312500108 0.009497548437499993
2 0.8049428101562499 0.20634191171875 0.012663398437500018 0.015012254687499981
2 0.8803104578125 0.06020220624999999 0.01960784374999989 0.010110293749999999
2 0.90482026171875 0.4906556375 0.01960784218749989 0.02236519687499996
5 0.43321078437500005 0.65165441171875 0.00857843125000004 0.006127451562499964
5 0.40441176484375 0.74846813671875 0.009803920312499992 0.013480392187500013
9 0.48059640546875004 0.3821997546875 0.006127451562499964 0.024203431249999997
9 0.4705882359375 0.40242034296874996 0.008169934374999955 0.022977942187499954
9 0.36376633984374995 0.863664215625 0.011029410937499984 0.03860294062499996
9 0.57516339921875 0.2109375 0.01225490156250002 0.01746323437499999
1 0.3588643796875 0.8609068624999999 0.00857843125000004 0.00674019687499996
1 0.35825163359375 0.77022058828125 0.006535948437500006 0.004901960937499972
1 0.34865196093749995 0.79181985234375 0.007761437500000001 0.006433823437500053
1 0.3533496734375 0.80376838203125 0.006535946875000009 0.006433823437500053
1 0.29391339843750003 0.99371936328125 0.006944443750000006 0.006433823437500053
1 0.3349673203125 0.8742340687500001 0.007352940625000004 0.005821078125000057
1 0.34007352890625003 0.8138786765624999 0.005310457812500014 0.005821078125000057