0 0.49113119140625 0.61445783125 0.17369477968750005 0.042921687499999986
3 0.50819946484375 0.504141565625 0.023761714062499984 0.0056475906250000206
3 0.57095046796875 0.5549698796875 0.02409638593750003 0.006400603125000082
3 0.8313253015625 0.40625 0.022088353124999925 0.005271084375000079
3 0.639390896875 0.42149849375000004 0.01104417812499996 0.009036143749999948
3 0.25652610390625 0.63902485 0.031124498437500002 0.005082831250000019
3 0.5061914328125 0.81334713828125 0.02108433749999996 0.011483432812499927
3 0.95197456484375 0.36615210859375 0.011713520312500059 0.007153614062500013
3 0.9585006695312501 0.20114834374999999 0.01137884843750001 0.003953312499999995
3 0.9466198125 0.23776355390625 0.015729584374999918 0.0037650609374999975
3 0.78580990625 0.24209337343749998 0.013386881249999937 0.003765059375000002
3 0.79752342734375 0.2520707828125 0.011378848437500099 0.004141565624999987
3 0.41532797890625 0.30798192734374996 0.017402945312499973 0.002635542187499995
3 0.44360776484375003 0.29339231875 0.017068273437500014 0.004706324999999989
3 0.6323627843749999 0.2893448796875 0.01706827187500002 0.00527108437499999
3 0.59437751015625 0.27786144609374996 0.010709504687500005 0.007530120312499999
3 0.48443775078124995 0.28717997031250003 0.0056894234375000075 0.006212349999999978
3 0.25167336015624997 0.3369728921875 0.015394914062499997 0.004894578125000004
3 0.0548862109375 0.44794804218749995 0.014056224999999995 0.007718375000000055
3 0.11997991953125 0.47044427734375 0.011044176562500008 0.006024095312499966
3 0.37198795234375004 0.64335466875 0.018406960937499984 0.008094878125000005
3 0.503179384375 0.7188441265625001 0.019745649999999948 0.011859940624999954
6 0.72791164609375 0.36135165625 0.01137884843750001 0.005082831250000019
3 0.22824631875000004 0.53473268046875 0.013386881249999982 0.007718373437500059
3 0.0423360109375 0.42582831328125004 0.005689424999999998 0.007153614062499969