4 0.861771590625 0.6411540625000001 0.18341783750000004 0.14112422812499997
5 0.8868251015624999 0.70859098671875 0.1785157406249999 0.1071511015625
0 0.42723679296875006 0.34582025703125 0.12485562343750005 0.21821162031250005
3 0.26275663671875 0.33728268203124995 0.02560429531249997 0.025527348437499996
3 0.36632418046875 0.4345808328125 0.028355629687500005 0.009320424999999943
3 0.2020370265625 0.15548601796875 0.051491940624999996 0.019763592187500012
3 0.12407218671875 0.20410746249999998 0.04207287968750002 0.024868634374999997
4 0.31308520546874996 0.5359208179687499 0.19572167031250004 0.12184648281249996
5 0.39924003046875 0.513790628125 0.08445537031249999 0.08664089999999999
9 0.38613102734375 0.51315744453125 0.2533091671875 0.1152408140625
3 0.4088379515625 0.49668859609375 0.01949230625 0.014236817187499983
3 0.4618734796875 0.48911815000000003 0.02824841875000006 0.016204193749999974
3 0.24911095312500003 0.0529079203125 0.025566015624999983 0.023476174999999995
3 0.46300686796875007 0.6261703320312499 0.011379451562499998 0.017466470312499992