2 0.54002275546875 0.7299543015625 0.12319994531249998 0.060660281250000024
2 0.52126137890625 0.69153718671875 0.1342798046875 0.0642249546875
2 0.52214786015625 0.64877511171875 0.1426286703125 0.06769492031249999
2 0.538498903125 0.5968987765625 0.12376771874999992 0.05322244062500001
2 0.51896564609375 0.55825891875 0.14019583281249998 0.05014690312500001
2 0.493909325 0.516947796875 0.13085325 0.050142812500000036
2 0.48767038281249997 0.48255068593750006 0.143476875 0.06339731249999998
2 0.50469752578125 0.43593513046875004 0.14312379843750006 0.06716154531249999
0 0.49923760234375003 0.3989321375 0.19054481718749994 0.06487895624999998
2 0.51456217421875 0.32367854921875 0.13386099843750002 0.046377029687499995
2 0.6057297453125 0.45993998515624995 0.06867543749999996 0.1160201296875
2 0.6229559953125 0.565132303125 0.05932398750000001 0.10225816562499998
2 0.6395841953125 0.67224113359375 0.06137520312499998 0.11609983281250003
6 0.626880565625 0.73621226640625 0.03699066249999996 0.025513776562500024
8 0.57362082265625 0.6730903046875 0.018726032812500026 0.01709707187499996
8 0.5854691109375001 0.63457370703125 0.010517268750000053 0.010685060937500079
8 0.5773307398437499 0.5558355390624999 0.010114464062499984 0.01279946875000002
8 0.54531493984375 0.5147189 0.009701067187500013 0.009406478124999928
8 0.5491834375 0.46932132265625004 0.007628443750000003 0.011218435937500004
6 0.3379772484375 0.58286554140625 0.016953296875000003 0.02325360156249996
6 0.34692847968749996 0.61583216328125 0.021597131250000023 0.039228773437499954
6 0.361762125 0.64020766875 0.038644481249999973 0.022200490624999958
6 0.35561532890625003 0.37522875546875 0.03788318906249999 0.016458076562500024
6 0.8703671492187499 0.31823040703125 0.023577426562500038 0.004083045312499989
1 0.5867670820312499 0.3766208609375 0.015932985937500012 0.020855846874999973