4 0.8535539210937501 0.29258578359375004 0.17361111093749998 0.1341911765625
5 0.8694852945312501 0.21124387265625 0.1842320265625 0.10140931406250002
0 0.4671160125 0.659007353125 0.09844771249999998 0.22732843124999996
3 0.30555555546875 0.6960784312499999 0.027777776562500023 0.023897059374999953
3 0.39399509843749997 0.58134191171875 0.028186274999999972 0.01256127343750002
3 0.271446078125 0.8877144601562499 0.05106209062500002 0.010723039062500028
3 0.1881127453125 0.8538602945312501 0.043709149999999995 0.01899509843750007
4 0.325367646875 0.49203431406250003 0.193218953125 0.09681372500000007
5 0.41789215703125004 0.49693627500000004 0.07924836718749999 0.08823529375000003
9 0.40236928125000004 0.4984681375 0.26470588124999994 0.06862744999999996
3 0.42708333359374995 0.51102941171875 0.02001633906249998 0.01225490156250002
3 0.48039215703125004 0.50903798984375 0.028594770312500017 0.01194852968750002
3 0.33210784296874996 0.97993259765625 0.02450980468749999 0.02604166718749994
3 0.46241830000000006 0.37285539140625 0.008986928125000038 0.017769607812499987