2 0.48202614375 0.26531862734375 0.25326797500000003 0.11825980468750004
2 0.7142565359375 0.35523897109374997 0.24632352812500002 0.20251225468749995
0 0.43892973828125 0.37270220624999995 0.3410947703125 0.11060049062499995
8 0.6235702609375 0.43075980390624996 0.04452614375000001 0.013480392187500013
7 0.11151960781249999 0.76822916640625 0.136437909375 0.22824754843749995
7 0.8147185453125001 0.13128063750000002 0.025678921874999892 0.014399509374999985
7 0.37416605390625 0.5310968132812499 0.3202275328125 0.15104166718750003
7 0.48406862734375 0.74300919140625 0.1772875828125 0.2995208328125001
7 0.33762254921875 0.75474877421875 0.1646241828125 0.1412377453124999
7 0.8062363156250001 0.03446691171875001 0.05691707499999996 0.0389093140625
6 0.850835784375 0.559991575 0.02356699374999991 0.02316942500000003
6 0.8390522882812499 0.5614276960937501 0.0310457515625 0.022977942187500044
6 0.44628268046875 0.8360583640625 0.022467320312499962 0.024445159375000004
6 0.47610294140625004 0.153492646875 0.04289215781250002 0.055147059374999995
1 0.28472222265624997 0.39736519609375 0.03267973906250003 0.04901960781249999