7 0.65988691953125 0.51885862109375 0.24026468593750003 0.30528704218749997
7 0.71364511328125 0.5415654453125 0.11985836718750002 0.09839859999999997
7 0.3237036796875 0.53056931171875 0.13653824375 0.24114562031249998
7 0.30609054687500004 0.5904645421875 0.05491752812500002 0.09508460312500003
7 0.3606157375 0.5147591703125001 0.05909519687499998 0.09214801875000003
7 0.3232320078125 0.46542837265625003 0.039993187500000006 0.06919146093749999
5 0.6005642265625 0.5221432445312499 0.10721083437500001 0.14612297968750002
7 0.547689634375 0.8261877109375 0.09621098124999997 0.10146983125000011
7 0.42040720546875 0.89158914296875 0.010292676562499992 0.054990282812499916
7 0.6998182109375 0.06965970859375001 0.08616198124999999 0.05978299843749999
6 0.50461395546875 0.58967045234375 0.016749982812499998 0.06276511718749997
6 0.4186473125 0.2959979390625 0.05780899062499998 0.14672356562499997
6 0.63139725 0.41379849531249996 0.036080765624999955 0.037561712499999976