6 0.74332157265625 0.23790322578124998 0.019405242187499994 0.02419354843749999
3 0.09727822578125 0.1476814515625 0.022177420312499994 0.050739246875
3 0.029737903125 0.503360215625 0.00907258125 0.13642473125
3 0.23135080703125 0.90440188203125 0.028729839062499974 0.050067204687499964
6 0.7370211695312501 0.9359879031249999 0.02242943593750004 0.062163978124999984
6 0.6287802421875 0.6943884406249999 0.006048387500000007 0.011760753125
6 0.46396169374999996 0.7128696234375 0.006048387500000007 0.011760753125
6 0.42855342734375 0.63272849453125 0.020917339062499974 0.029569892187499926
6 0.3460181453125 0.6370967742187499 0.006552418749999988 0.009408601562499985
6 0.26965725859375 0.9326276882812501 0.008568548437500035 0.013104839062500062
6 0.13445060468749997 0.8135080648437499 0.023941531250000002 0.05174731093749996
6 0.72668850859375 0.29653897890625 0.011844757812500006 0.009744623437499999
6 0.40423387109375 0.55275537578125 0.06199596718749998 0.06653225781250001
3 0.10219254062499998 0.55309139765625 0.01587701562499999 0.04637096718749998
3 0.18208165312500002 0.8395497304687499 0.03855846875 0.03259408593750006
3 0.23450100859375 0.9574932796875 0.025957660937500026 0.020497312499999865
6 0.697706653125 0.5767809140625 0.0078125 0.009744624999999996