6 0.8302378515625 0.7040819132812499 0.024050046874999963 0.020612529687500027
3 0.24157794687500003 0.94756713671875 0.0236774375 0.05001107968749992
3 0.070092609375 0.61982994765625 0.049346546875 0.1313558796875
3 0.1428273109375 0.18045716875 0.018129859375 0.05011183437500002
6 0.6181135023437501 0.0345879015625 0.01810959843750002 0.047913484375
6 0.5851446328125001 0.28907746640625 0.00587869999999997 0.012571720312500024
6 0.42162753828124994 0.31108278828125 0.006636817187499933 0.010620439062499987
6 0.41188691640624997 0.39760550078124995 0.022689242187500014 0.02881786718749999
6 0.33123088593750005 0.4135193984375 0.006761018750000014 0.008703675000000022
6 0.17115850937500002 0.14468121015625002 0.008586993749999983 0.01296141718749999
6 0.078435253125 0.291439584375 0.036258875 0.05180325937500001
6 0.7976145515625 0.6511427632812501 0.013219928125000103 0.00927367343749994
6 0.409795740625 0.48252159609375 0.06473578437500005 0.05783707031250005
3 0.1251779921875 0.55299967734375 0.024120125000000003 0.04649837968750008
3 0.11575574921875001 0.25604535234375 0.04198215156249999 0.023459732812500002
3 0.13060745390625 0.12841665624999998 0.026903498437499996 0.024403818749999993
6 0.686313934375 0.3863486484375 0.007463903125000027 0.009700518749999975