2 0.4558519234375 0.7219551875000001 0.25866891249999996 0.09148675937500003
2 0.7017312273437499 0.6999378999999999 0.21912348281249994 0.2271861531249999
0 0.43586810546875 0.6152113851562501 0.33371039843749994 0.17607480156250005
8 0.627153828125 0.60416171015625 0.044606171875000024 0.017621020312499968
7 0.1819302 0.15267067031249998 0.149930378125 0.223273634375
7 0.75514440625 0.9415723078125001 0.024843006250000067 0.01848244999999995
7 0.40513480078124997 0.4399757796875 0.3322184078125 0.13805607187500005
7 0.53783809140625 0.2734712109375 0.1888363015625 0.305230303125
7 0.40862171640625 0.2111660390625 0.16997567343750003 0.13005266249999997
6 0.8752092929687499 0.53754768515625 0.024935554687499993 0.021020548437499988
6 0.865917965625 0.533481365625 0.033377493749999945 0.018507006250000034
6 0.53391291328125 0.16492707578125 0.02319952031249999 0.022693123437500008
6 0.42962536484375 0.835471640625 0.0447441515625 0.04590629375000006
1 0.28929267109375 0.5510558015625 0.040187498437500004 0.047763634375000044