6 0.281886859375 0.764287365625 0.13057299999999997 0.03457274374999999
6 0.35675356015625004 0.67187553046875 0.09165267343750001 0.23349334531250002
0 0.5164248625 0.5477343257812499 0.04928586250000002 0.023399301562499985
1 0.49571491015625 0.54310936640625 0.007928167187500001 0.005930120312499998
1 0.49046038749999993 0.699589453125 0.009266037500000036 0.006009518749999998
1 0.52089300078125 0.7439241234375 0.009432904687499999 0.005254721875000002
0 0.51522913984375 0.7215758273437499 0.023329029687499947 0.04734354218750001
4 0.5455219703124999 0.7033828046874999 0.027600012500000038 0.029194331249999993
7 0.55196369609375 0.7216774062500001 0.0424070859375 0.013972553124999986
7 0.4119711875 0.90784234609375 0.034300578125 0.059198120312500005
3 0.5927349078124999 0.2892584125 0.01868198750000003 0.011230724999999974