2 0.51247471171875 0.5204852882812501 0.10276477343749998 0.022946957812500023
8 0.5472160820312499 0.52490936796875 0.02111462656249996 0.008492614062499992
6 0.41980070390625 0.57146435390625 0.05178322343750001 0.02555633281249996
3 0.37863189531249997 0.52471572890625 0.034137940625000016 0.012044389062500027
3 0.5157034234375 0.5297182656249999 0.024501228125000017 0.006259046874999985
3 0.50351130234375 0.52769374375 0.016409920312499972 0.006841046875000067
3 0.47738905390625 0.5270235484375 0.018010485937499966 0.005364478125000005
3 0.63817726015625 0.49766595703125 0.02261819843749997 0.0058451140624999455
3 0.62014391484375 0.5229618695312499 0.009878270312499993 0.010801204687499944
6 0.6362399968749999 0.5187231875 0.03684170624999998 0.014011296874999957
6 0.72165713203125 0.53400539375 0.038152220312499985 0.016494887499999944
3 0.7546653101562499 0.49882780000000004 0.015188810937500019 0.011540184374999995
3 0.7114878812500001 0.49650118593750003 0.019390412500000044 0.011045681249999984
3 0.87655237734375 0.45725601875000005 0.019335251562499954 0.01302576249999996
3 0.9538768171874998 0.43944458046875 0.014754193749999978 0.011294320312499995
3 0.8366949171875 0.499026715625 0.03093014687500002 0.0046053968749999894
7 0.904206703125 0.4754017828125 0.15156472812499988 0.06670413125000003