8 0.18294270859375 0.031005859375 0.020833332812499994 0.01806640625
8 0.78841145859375 0.441162109375 0.014322917187500029 0.01416015625
8 0.4912109375 0.474853515625 0.016276040624999943 0.01708984375
8 0.40625 0.48583984375 0.022135415624999988 0.009765625
8 0.712890625 0.935791015625 0.018229165624999943 0.01318359375
6 0.572265625 0.953125 0.055989584375000054 0.03125
6 0.43489583359374995 0.24462890625 0.018229167187500027 0.025390625
6 0.12434895859374999 0.151611328125 0.06770833281250001 0.03271484375
3 0.4124348953125 0.3447265625 0.021484375 0.0166015625
3 0.861328125 0.5361328125 0.02083333437499988 0.0146484375
3 0.017578125 0.691162109375 0.026041665624999998 0.01220703125
3 0.7858072921875 0.96875 0.015625 0.0087890625
3 0.9267578125 0.95361328125 0.02278645937499988 0.0087890625
3 0.53157552109375 0.88623046875 0.026692707812499973 0.0166015625