6 0.5608087390625001 0.38765730859374997 0.466386628125 0.38976245781249996
2 0.4646640578125 0.2296285578125 0.05500317500000005 0.062015643750000016
2 0.38669855703125 0.22680505078125002 0.10746894843749999 0.05560003593750003
2 0.3895272421875 0.268772634375 0.10827495937500001 0.04251304375
2 0.3823712046875 0.29871928593749997 0.09164667187500002 0.055148465625
2 0.30698141171875 0.20974887109375 0.07146055468749997 0.0878966546875
2 0.23625834218750003 0.17948334687499998 0.09611120000000002 0.06166333749999999
2 0.2106966703125 0.23756023359374998 0.11199604687500002 0.07193644531249999
2 0.18268530859375 0.31235714921875 0.10446885468750003 0.0827708859375
2 0.2838150765625 0.29009534375 0.094961871875 0.07970740312499998
2 0.30800798515625 0.341248203125 0.0927250296875 0.08388289062500003
2 0.387670646875 0.46678301171875003 0.11077236250000003 0.08559519531250004
2 0.20861236796875 0.47730030546875 0.1184437515625 0.05228230468750006
2 0.56631494921875 0.606566328125 0.12493032968749995 0.06055502187500004
2 0.613289559375 0.67161595 0.10456803749999999 0.09912004687499998
2 0.4527669453125 0.8708792859375001 0.14034483749999999 0.0786416656250001
8 0.63709833515625 0.71229317109375 0.020431757812499996 0.015635723437500016
8 0.42296400156249997 0.49391497578124993 0.010424715625000048 0.009328035937500001
8 0.25570390390625 0.25757670546875 0.01232626406249997 0.01057522343749997
8 0.50221011640625 0.6176888523437499 0.0076980984375 0.010141292187500017