4 0.7028599476562499 0.142329571875 0.1331643265625 0.17408701875000002
5 0.78614621796875 0.12596506953125003 0.1010765390625 0.18415538281250002
0 0.32839472265624997 0.5307422453124999 0.22805102968750002 0.09916927187499995
3 0.2877819640625 0.6926682601562499 0.02364034687500003 0.02769756718750003
3 0.40446284296875 0.60356298125 0.01294158906249998 0.028204099999999954
3 0.09532350546874999 0.72790244609375 0.009563079687499998 0.05109952031249998
3 0.12724757343749998 0.81104327734375 0.018215453124999993 0.043657460937500045
4 0.49214934921875 0.67157371484375 0.09381874843750007 0.1933971953125
5 0.48933911953125 0.579280028125 0.0882448015625 0.079496125
9 0.48774545546875 0.59471645703125 0.06271355781250003 0.2643137484375
3 0.47565482109375007 0.57006835390625 0.011979173437500013 0.020002079687500007
3 0.478844234375 0.51675061796875 0.01138756562500003 0.028591204687499962
3 0.00888077734375 0.66666230546875 0.0177615546875 0.02231746406249995
3 0.61463225546875 0.5339330796875 0.017978779687500078 0.00909030937500006