2 0.27180901406249997 0.5341879960937501 0.053847968750000016 0.12349917968749997
2 0.31242654609375 0.51905713984375 0.0558250046875 0.1358632703125
2 0.354121725 0.52388076875 0.05708446562499998 0.144031184375
2 0.405014446875 0.54463726484375 0.04472795312500004 0.12367371406250002
2 0.44477150468750004 0.5285466624999999 0.04186410937499998 0.14000116875000002
2 0.486990878125 0.5070800640625001 0.04445511562499993 0.13123501875
2 0.52382520703125 0.5038770109375 0.05353002968750005 0.14462114687500005
2 0.568466309375 0.5256638179687501 0.05726658750000002 0.14523603281249997
0 0.6070833101562501 0.52359910859375 0.053111067187500006 0.19249029218750008
2 0.6790725125 0.544966378125 0.05436803750000001 0.13460024374999993
2 0.5348687820312501 0.62400687578125 0.1144257890625 0.062102470312500026
2 0.42810273906249996 0.63203317890625 0.09978976562499997 0.053544057812499976
2 0.3192158125 0.63690603046875 0.11499663124999997 0.05709244843750003
6 0.2583001625 0.6206822687500001 0.026543334374999984 0.03657694375
8 0.32534711796875 0.572726109375 0.016470198437499972 0.01903631562500001
8 0.3626898375 0.58800680078125 0.01140467812499999 0.009547198437500005
8 0.44192403046875006 0.58671498828125 0.012775473437500028 0.00914004843750007
8 0.4858237640625 0.55848473359375 0.009800903124999927 0.01021198906249996
8 0.5307763585937499 0.566295503125 0.011018529687500056 0.007087699999999942
6 0.43683221796874994 0.34567426171875 0.024139604687500073 0.01626932656250002
6 0.40308413906249996 0.35191849687500004 0.038546518750000036 0.021911287499999998
6 0.37711164921874996 0.36493473984375 0.022995339062500043 0.03843820468750003
6 0.64272320234375 0.3822062445312501 0.019650082812500004 0.03658521718750003
6 0.65172876015625 0.8990282789062501 0.004583501562500025 0.023506632812499893
1 0.6199459390625 0.6117469554687499 0.02047383437499999 0.01556305781249998