0 0.67585784296875 0.30713848046875 0.07393790781250002 0.05606617656249999
1 0.64460784296875 0.330116421875 0.01225490156250002 0.010110293749999989
7 0.76899509765625 0.21078431328125 0.05923202656250002 0.03615196093749999
7 0.5880310453125001 0.26470588203125 0.07230392187500004 0.028799020312500014
7 0.46670751640625 0.6582414218749999 0.11968954218750003 0.08976715625000002
7 0.27348856171875 0.7855392156250001 0.0649509796875 0.05453431250000005
7 0.39154411796875 0.4744178921875 0.04779411718750004 0.04197304062500003
6 0.7099673203125001 0.14751838203125 0.013888887500000013 0.008884804687499992
6 0.9078839875 0.01669730390625 0.027369281249999843 0.022365195312499996
6 0.9156454249999999 0.006893382031250001 0.032271240624999996 0.013786764062500002
6 0.45792483671874995 0.24571078437500002 0.028594770312500017 0.02573529374999999
7 0.50571895390625 0.7270220585937499 0.059640523437500016 0.06740196093750006