4 0.54206345234375 0.4806480203125 0.09159077968750004 0.08638770625000003
6 0.55833810859375 0.3821138765625 0.04905172343749999 0.05530291875000004
3 0.5299035562500001 0.37894612421874996 0.015390965624999975 0.014769717187499998
3 0.513809946875 0.39272854609375 0.01494926250000006 0.01933894218750005
3 0.5165080132812501 0.41382108515624993 0.00508698593750001 0.025440779687499936
3 0.49099382734374997 0.42062089296875005 0.01648131718750001 0.010060582812500041
3 0.5126070875 0.43809014609374997 0.011350993749999993 0.012617045312499986
3 0.475590578125 0.44522224374999997 0.01637007812500002 0.019199034375000056
3 0.5029055234375 0.4478852203125 0.010702346875000046 0.008976290624999984
3 0.5010986242187501 0.44654020703124997 0.0037774078125000442 0.017090889062500024
3 0.49454748671874993 0.44579616093749996 0.006180582812500024 0.023399412499999973
3 0.49218765 0.429700525 0.023390724999999966 0.009942940624999962
3 0.543881471875 0.3771177859375 0.006053815624999981 0.015005003124999972
3 0.5483848124999999 0.38309084765625 0.00747463125000003 0.0162800640625
3 0.55130373046875 0.40605145625 0.006634564062500026 0.011688574999999979
3 0.5343780375 0.13685331796875003 0.008744118750000052 0.008092339062499999
3 0.113991175 0.6642275515625 0.011323184374999995 0.008114600000000038