7 0.7932685515625 0.145549178125 0.06679103437500009 0.12967018437500002
1 0.7394436671875001 0.14166351562499999 0.04954869999999998 0.06674089999999999
7 0.6776759359375 0.176846028125 0.063657209375 0.05882880937499999
9 0.6045414234375001 0.15239993281250003 0.05356067500000004 0.23613961875
6 0.7637804812500001 0.337020409375 0.03724159687500004 0.07435187499999998
3 0.59572123125 0.39345961640625005 0.03823927187500002 0.01464421718750004
6 0.36469822265624996 0.8752958734374999 0.1194475953125 0.05764017812500004
6 0.24301375234374997 0.5147797101562499 0.0811225328125 0.12648548281250002
7 0.2213454609375 0.850140709375 0.091636521875 0.12181236250000005
6 0.467182609375 0.645287184375 0.04537677500000008 0.05130790000000003
9 0.4190827078125 0.73122831640625 0.1699973125 0.1902875953125
7 0.56594760625 0.7952936546875 0.036966678124999944 0.03037964999999998
7 0.48726338203125 0.90852489921875 0.09036714531249998 0.09592079843749986
7 0.48514522968749996 0.70697281484375 0.042652112499999985 0.036116851562499976
7 0.3524024953125 0.7486023578125 0.03943101874999999 0.019031115624999994
6 0.1422962421875 0.02268774765625 0.032297940625 0.0408353890625
9 0.5913439265625 0.44679062265624997 0.024565621875000065 0.19427067656250002
6 0.898451509375 0.23576348359375002 0.11337240937500007 0.15405334531249998
7 0.7144362976562499 0.39755754765624995 0.028938173437499957 0.04758391093749999
3 0.39807305546875 0.30811177265625 0.010772579687500006 0.030198189062500002
3 0.39536291328125 0.351736528125 0.031661232812500016 0.024136315625000026
3 0.31933167578125 0.07643254296874999 0.024864895312500003 0.03313962031250001
3 0.08652981328125 0.755087178125 0.02452693906250001 0.02649021562499998
3 0.37723526406249996 0.4336481265625 0.028461153124999992 0.023875903124999986
3 0.53039264609375 0.71090539921875 0.020848232812500013 0.013276573437499994
3 0.5258406757812499 0.7984060906250001 0.01486847656250001 0.03759190000000005