6 0.76232059609375 0.52435772265625 0.10302855781250005 0.03175427031250004
3 0.681999903125 0.398403175 0.005972981250000053 0.006775637499999964
3 0.69943404140625 0.37573850546875 0.008808595312500066 0.006386970312499995
3 0.69945549921875 0.28813687578125 0.014923104687500022 0.01291496093750002
3 0.7010723171875 0.049016340625 0.044265015625 0.017289503124999994
3 0.673591584375 0.098761640625 0.01512485624999993 0.015979318749999992
3 0.6811116937499999 0.084749890625 0.012461671875000047 0.015741703125000006
3 0.6900061117187499 0.085484953125 0.014118635937500023 0.015878996874999995
3 0.6741572921875 0.06920940234374999 0.019581612500000033 0.012519414062500001
3 0.7194570687499999 0.13154691796875 0.026272846874999978 0.00782757031250001
3 0.7249241796875 0.1966380859375 0.013554109374999967 0.01199717187499998
3 0.715980946875 0.18177748203125 0.021926715624999992 0.007435173437499998
3 0.72309409375 0.3077983828125 0.019428674999999986 0.010801640624999997
6 0.745753903125 0.84195832734375 0.013995809375000067 0.005395804687499961
6 0.74216688828125 0.29308639765625 0.04223957656249997 0.020343829687499992