6 0.5184416867187499 0.66339391484375 0.0798253609375 0.05503392031249996
3 0.41747901249999997 0.61756596640625 0.02933885624999997 0.00787439531249996
3 0.6209830390625 0.639795334375 0.028638268749999973 0.014077803125
3 0.483434275 0.7774952015625 0.035794040625 0.01355458125000002
7 0.45035093125000003 0.5502077249999999 0.015174706250000013 0.006152028124999998
1 0.35240994609375004 0.46834760234374995 0.020852864062499997 0.007780317187499985
3 0.36339340234375 0.26589692578125 0.011680223437500015 0.0029627578124999943
3 0.44970915859375005 0.8885313296875001 0.010860132812500024 0.015210368750000036
3 0.9660374999999999 0.759550028125 0.01946139374999998 0.02021391249999995
3 0.8186619296875002 0.8686137593750001 0.02218732187499999 0.01673082812499995
3 0.1747570578125 0.6703579203125 0.027041153124999995 0.011877809375000048
6 0.30373503203125 0.40073209296875 0.014688226562499995 0.010203929687499969
3 0.62503738828125 0.3164867046875 0.014140501562499973 0.009497615625
6 0.8957988039062499 0.70683442734375 0.020390039062499987 0.014765304687499991