0 0.11454326875000001 0.05032051328125 0.084375 0.041666667187500006
1 0.15096153828125 0.0551282046875 0.011057692187500013 0.015384615625000004
1 0.1951923078125 0.5738782046875001 0.016346153124999985 0.021474359374999974
5 0.15252403828125 0.7495192312500001 0.0617788453125 0.1003205125
7 0.0748798078125 0.6302884609375 0.09927884687499999 0.11891025625000004
7 0.1987980765625 0.640705128125 0.059615384375000004 0.06346153750000001
7 0.80204326953125 0.13862179531250002 0.13245192343750006 0.115705128125
9 0.94362980703125 0.1509615390625 0.014182692187499946 0.10961538437499999
6 0.90625 0.22948717968750004 0.09038461562500011 0.09487179375000002
7 0.90336538515625 0.777724359375 0.12019230781249987 0.1464743593749999
6 0.7453125 0.66618589765625 0.03293269374999994 0.03942307656250001
7 0.86622596171875 0.9862179484375002 0.03245192343749999 0.025641025000000005
6 0.45721153828125 0.7844551281250001 0.0759615390625 0.2541666656250001
7 0.40420673125000006 0.12371794921874998 0.07475961562500003 0.0512820515625