0 0.7847893015625 0.125076409375 0.14313241875000005 0.18280007812500002
1 0.8485866882812501 0.1900627453125 0.016333560937500026 0.03892204375000001
6 0.7860494625000001 0.04372516171875 0.04964741875000005 0.0165410046875
6 0.703272346875 0.43620054843750006 0.09156019687500008 0.14836681875000002
6 0.73731202890625 0.43093817265625 0.053236626562499986 0.09657427968750003
6 0.41015764375 0.55786221328125 0.07481684687499994 0.10574268906249999
6 0.3770403 0.55559862109375 0.03419790312500002 0.05394768593750001
0 0.27651901796875 0.33273630390625 0.050574935937499975 0.07271056093750002
6 0.23853649687499998 0.5759882624999999 0.011812815625000006 0.035920431250000016
6 0.251386084375 0.5554888124999999 0.007630896874999982 0.006808284375000006
6 0.73572112890625 0.8729720734375 0.019290279687499988 0.02842199062499997
6 0.68287609765625 0.35472970078125005 0.020992073437500026 0.030939289062499986
6 0.10940279296875 0.35367366796875 0.015815098437499998 0.011309904687499994