4 0.7126312109375 0.8230689281249999 0.21250231562499994 0.2552162968749999
4 0.60281954765625 0.7733212937499999 0.18970626093750004 0.29227785937499995
0 0.7414523796875 0.45475765546874997 0.20338216874999998 0.5233227546875
5 0.67364745625 0.35525579921875006 0.22135194374999995 0.1392153328125
5 0.5717388421875 0.4682098375 0.13931314375 0.20618465312499995
4 0.63703768984375 0.1490579828125 0.2830162546875 0.298115965625
4 0.38934705859375 0.1913653796875 0.22828411406249996 0.382730759375
2 0.2035262 0.5681650359375 0.2901125 0.36989510625
6 0.5694017984374999 0.467944815625 0.14369710624999996 0.20746520937500007
6 0.6165738640625 0.6677525445312501 0.12086915937500002 0.1266962890625
9 0.6635674390624999 0.3753670984375 0.10262673437499999 0.25910536250000005