6 0.5051679585937501 0.56710271328125 0.4186046515625 0.13856589218749998
6 0.582256675 0.5892684109375 0.12316968124999991 0.07146317812499996
6 0.5305770890625 0.68471414765625 0.35486649375 0.15092054218749995
7 0.25775193828125 0.85271317890625 0.3389319546875 0.2126937984375
7 0.31287683046875003 0.7458817828125 0.20456502968749998 0.07800387500000001
7 0.37295435 0.8506540703125 0.513350559375 0.28512596874999996
7 0.8094315250000002 0.57388565859375 0.22782084375 0.10029069843749996
7 0.8660637382812499 0.5569282945312499 0.056847545312500004 0.06540697656250005
7 0.92937123125 0.6365067828125 0.13781223125000003 0.09714147187500002
7 0.60766580546875 0.7724079460937501 0.13522825156249993 0.09326550468750003
0 0.822997415625 0.6905281007812499 0.2316968125 0.15528100781249998