4 0.572524909375 0.35148475078125 0.10080936562499998 0.05645670468750001
6 0.38854110156250005 0.9226143593749999 0.07122511562500003 0.062152040625000106
6 0.38599952109375 0.9507830046875 0.04337280781250001 0.025767528125000005
6 0.5799717289062499 0.71881279765625 0.026107767187499943 0.020967779687499986
3 0.53822841171875 0.8560078375 0.026170145312499928 0.013285265624999987
3 0.6144003890625 0.8094464960937501 0.013420562499999988 0.020397373437499942
3 0.85320950625 0.7109433523437501 0.022725106249999884 0.015266579687499959
3 0.9317838921874999 0.6946548445312499 0.02718289687500004 0.01718747343749998
3 0.10152442890624999 0.50452414296875 0.022371792187499996 0.015924767187499977
3 0.01000804609375 0.48025477734374994 0.0200160921875 0.008818357812500021
3 0.24693111796874997 0.36061912500000004 0.007350329687500023 0.01783393124999999