7 0.15333837421875002 0.058901621875 0.04660739843749999 0.02482566875
6 0.18056449531250002 0.45197906875000005 0.087811071875 0.09626584062499992
7 0.14410494687500003 0.37390593984375 0.03809980312500001 0.039113973437499984
7 0.24440711953125 0.5304655804687499 0.09991899843749999 0.0658903578125
7 0.33035295468750003 0.55806610625 0.1689851 0.13912344062499998
7 0.42170292812500004 0.6210426632812499 0.11053175937500001 0.1256426078125
7 0.31767594609375005 0.78873830859375 0.1602586671875 0.20337235468749998
6 0.82862647734375 0.184383415625 0.0734902671875001 0.05301953124999999
7 0.5970665773437499 0.455986584375 0.03509458593749999 0.028077425000000034
7 0.64407505390625 0.5682983687500001 0.013305501562500054 0.013317524999999986
7 0.71302477265625 0.5524464968749999 0.011318876562499991 0.01792439374999999
6 0.7811871203124999 0.559347103125 0.01475923124999996 0.02010992812500003
7 0.88115825625 0.61625555625 0.037196393749999855 0.03850067812499995
9 0.63772092109375 0.1880614171875 0.00900735468750007 0.02458364687500001
5 0.64411923046875 0.19840039296875 0.01360885781249994 0.01699987031250001
6 0.23708475078125 0.4501785421875001 0.03423844218749998 0.025763984374999983
7 0.10872806640624999 0.52094213203125 0.0474295859375 0.06808541093749998
7 0.21208275859375 0.58774993671875 0.042542151562499984 0.03271773906249997
7 0.5839484054687499 0.95991243203125 0.04121702968749998 0.032037782812500026
7 0.87791965703125 0.7379929578125 0.06162189531249993 0.051818199999999946
6 0.67664891796875 0.47515588671875 0.03322232031249994 0.0465278546875
6 0.723881275 0.41883639140625 0.03202056249999998 0.03489900468750005
6 0.714845246875 0.53462901640625 0.02264440624999997 0.04016737968750004
6 0.3882321328125 0.36787135390625003 0.015740506250000008 0.02453543593749998
6 0.45959812890625 0.47446775703125005 0.03830039531249998 0.03111401406250005
7 0.41966001484375 0.51948586015625 0.04210955156249998 0.06977310781249998
7 0.36551387812499997 0.5189860648437501 0.03510453437499996 0.03773127968750005
7 0.42472934453125005 0.54796617265625 0.037618292187500034 0.03870107968749999
7 0.391906078125 0.5367200656250001 0.02855372500000004 0.017977850000000028
7 0.5591004789062499 0.6722057124999999 0.04140920156250001 0.03440543437499999
6 0.5174520320312499 0.8977135210937501 0.04462077343750002 0.04159828281250011
6 0.3743265078125 0.46417045781249994 0.02293115937499999 0.03735707499999998
6 0.3810024796875 0.45398496250000003 0.01951817499999997 0.02760875937499998
7 0.63580615859375 0.544885053125 0.02776137968749994 0.02208359062499996
9 0.8683330328124998 0.61590808203125 0.04604047812500003 0.05574257343750002
6 0.19195907421875 0.690409515625 0.02574161718750001 0.026084728125000022
6 0.6099627742187501 0.9175708765625 0.018376923437500015 0.018324837500000156