6 0.5912440820312501 0.90940493359375 0.06550697031250001 0.0193274640624999
2 0.5053018312499999 0.50642456484375 0.10937036874999997 0.04048645156250004
3 0.53670630078125 0.46891320312499996 0.010384182812500064 0.01084377187500003
3 0.65557890078125 0.45161217109375 0.023941507812499995 0.005968864062499968
3 0.24941902656249998 0.4674485882812499 0.01536505625000002 0.013421498437500023
3 0.3459953140625 0.3946998609375 0.030100443750000004 0.005435096874999967
3 0.348275328125 0.3901265234375 0.020083699999999993 0.005487574999999989
3 0.1581115109375 0.3386762609375 0.051522418749999986 0.013522503125000007
3 0.17843073671875 0.34485153281250003 0.023719910937500012 0.016316609375000013
3 0.06067009453125001 0.29655202890625 0.018863404687499995 0.02016172031250001
3 0.259864490625 0.07945309609375 0.04242470312500002 0.0237861390625
3 0.5853396835937501 0.0050193078125 0.02439181093749996 0.010038615625
3 0.2377953953125 0.47221162109375003 0.013759762499999972 0.008697914062500001
3 0.57522574609375 0.48839486015624994 0.01686832656249999 0.008023245312500028
3 0.6423240078125 0.5387625843749999 0.011780649999999948 0.006683431250000016
6 0.72026976015625 0.8410875640625001 0.013712745312500019 0.0048970156249998455
6 0.45856246328125005 0.17801887109374998 0.03122829843749999 0.03403719218749999
6 0.03641847734375 0.3670491296875 0.04038899218750001 0.02605384687500001
6 0.183247840625 0.30650743828125 0.06426911562499997 0.009430270312499989