0 0.53206699375 0.6986825984375 0.20629085000000008 0.124693628125
1 0.44383169921875 0.74540441171875 0.02982026093750001 0.030637254687500004
3 0.5071486929687501 0.7651654406249999 0.02410130781249995 0.02420343125000004
3 0.52818627421875 0.770680146875 0.011437907812500026 0.018075981249999984
6 0.60477941171875 0.32567401953125 0.07393790781250002 0.061887254687500004
2 0.5263480398437499 0.1767769609375 0.11151960781249999 0.069852940625
8 0.56025326796875 0.15395220625 0.02410130781250004 0.008884803125000017
3 0.5247140523437499 0.04427083359375 0.011846404687500024 0.016237745312500003
3 0.57618463984375 0.019148284374999998 0.02246732031250005 0.010110293749999999
3 0.5890522875 0.20281862734375 0.02614379062500003 0.01225490156250002
3 0.54636437890625 0.1724877453125 0.03227124218749999 0.014093137500000009
6 0.5900735296875 0.08042279453125001 0.03635620937499997 0.013786764062500002
3 0.5943627453125 0.10140931328125 0.02777777812500002 0.013480392187500013