7 0.9571666664062499 0.167625 0.03233333281249991 0.013750000000000017
7 0.9324999999999999 0.18475 0.061000000000000124 0.020999999999999998
7 0.85633333359375 0.21825 0.04066666718750014 0.02949999999999999
7 0.8234999999999999 0.24137499999999998 0.06833333437499993 0.060250000000000005
7 0.6713333328125 0.39187500000000003 0.05 0.03375000000000004
7 0.65016666640625 0.46225000000000005 0.06566666718750006 0.06550000000000003
7 0.6035 0.43462499999999993 0.11166666562500005 0.05524999999999993
7 0.6655 0.4387499999999999 0.07433333437499998 0.034499999999999975
7 0.4725 0.47475000000000006 0.09633333437500005 0.06749999999999998
7 0.44699999999999995 0.40099999999999997 0.08733333437499997 0.045499999999999964
7 0.43949999999999995 0.36062500000000003 0.06966666562499997 0.06074999999999999
7 0.336 0.403125 0.155333334375 0.10374999999999997
7 0.2341666671875 0.618375 0.123 0.08725000000000005
7 0.23533333359375003 0.5582499999999999 0.0826666671875 0.04950000000000001
7 0.3115 0.672875 0.075 0.07024999999999997
7 0.5293333328125 0.6992499999999999 0.13600000000000004 0.0915
7 0.52616666640625 0.602 0.18966666718749997 0.16000000000000006
7 0.5615 0.49800000000000005 0.04699999999999997 0.0625
7 0.6316666671875 0.5342499999999999 0.05800000000000001 0.052000000000000046
6 0.5269999999999999 0.45549999999999996 0.04466666562499997 0.035499999999999955
7 0.4 0.6835 0.11866666562500003 0.092
7 0.39916666718750005 0.6543749999999999 0.10900000000000003 0.05575000000000001
7 0.54083333359375 0.784375 0.11966666718750005 0.060249999999999915
7 0.4365 0.61525 0.07300000000000004 0.06699999999999999
7 0.4841666671875 0.6047499999999999 0.08100000000000004 0.07700000000000004
7 0.35550000000000004 0.5938749999999999 0.11566666562500005 0.06074999999999999
7 0.1778333328125 0.6992499999999999 0.06500000000000002 0.057500000000000016
7 0.2505 0.783625 0.06899999999999999 0.03674999999999997
7 0.28833333359375 0.806625 0.0653333328125 0.06125000000000007
7 0.42816666640624995 0.75125 0.15566666718749994 0.09900000000000002
0 0.193 0.514375 0.05933333437499999 0.07074999999999995
7 0.26833333359375 0.479 0.08333333281250002 0.02949999999999999
7 0.25483333359375 0.32687499999999997 0.048333332812500004 0.02224999999999997
7 0.17333333281250002 0.92225 0.03800000000000001 0.02949999999999999
7 0.5185000000000001 0.622625 0.04300000000000006 0.04675000000000003
7 0.36483333359375003 0.532 0.029666667187500016 0.022500000000000055
7 0.32733333359375 0.563375 0.026666667187499993 0.027749999999999986
7 0.2965 0.59425 0.028333334374999984 0.027500000000000035