6 0.6019199343749999 0.22702205859375 0.04207516250000003 0.051470589062499975
6 0.42851307187500004 0.21721813750000002 0.016339868749999997 0.010416665624999988
6 0.64011437890625 0.15594362734375 0.013071895312499925 0.011642157812499998
6 0.32434640546875004 0.32965686328125 0.010620914062499986 0.016544117187499995
6 0.3764297390625 0.3216911765625 0.010212418749999985 0.010416665624999988
6 0.47977941171875005 0.34712009843749997 0.013480392187500013 0.014093137499999964
6 0.514501634375 0.37760416640625005 0.016748365624999994 0.03768382343750001
6 0.4881535953125001 0.36917892109375006 0.008986928125000038 0.006127451562500008
6 0.48468137265625 0.25382965625000004 0.01919934531250007 0.007046568750000004
6 0.56556372578125 0.32628676484375 0.014297385937500007 0.0073529421875
6 0.5669934640625 0.3443627453125 0.009803921875000033 0.007352940625000004
6 0.42810457500000004 0.4825367648437499 0.02042483749999997 0.013480392187500013
6 0.42606209140624995 0.4303002453125 0.011437907812500026 0.013174018750000016
6 0.467524509375 0.49172794062499997 0.025735293750000034 0.018382353124999983
6 0.4515931375 0.73881740234375 0.09027777812500001 0.10018382343749996
6 0.6317401960937501 0.706648284375 0.10253267968750004 0.08854166562500003
6 0.420751634375 0.7806372546875 0.028594771875000015 0.019607843750000065
6 0.44342320234375 0.78354779375 0.029003267187500015 0.016850490624999992
6 0.51879084921875 0.6265318625 0.014705882812500005 0.008578431249999952
6 0.58210784296875 0.6263786765625 0.014705882812500005 0.013786765625000008
6 0.3294526140625 0.58992034296875 0.01021241875000003 0.01194852968750002
6 0.55065359453125 0.93412990234375 0.02287581718749996 0.02634803906250003
6 0.58231209140625 0.4342830875 0.005310457812499969 0.011335784375000024
6 0.39379084999999997 0.07567401953125 0.009803921874999988 0.0134803921875
6 0.5049019609375 0.36243872578124997 0.010620915625000027 0.012254901562499976
6 0.10723039218750001 0.32138480390625 0.02736928125 0.017769607812499987
3 0.625408496875 0.56786151953125 0.010620915624999939 0.01868872656249998
6 0.13112745078125002 0.20098039218750002 0.016339870312500015 0.017156862500000016