2 0.5112969953125 0.5134573367187499 0.03747296875000004 0.09906715156250004
8 0.5200043484375 0.54755225625 0.005835571874999968 0.02126044687499995
6 0.426633253125 0.44112958984374995 0.024827278124999984 0.05406985468750003
3 0.4587590296875 0.38833142968749995 0.005868840624999994 0.034295499999999944
3 0.50372371171875 0.5196790554687499 0.010801417187500028 0.02288107343750001
3 0.5011910945312501 0.5074306625 0.00885622656249998 0.014655684375
3 0.49102408359375005 0.48290899296875 0.004212910937499981 0.017755026562499943
3 0.57844031328125 0.62629676640625 0.01142016406249997 0.02166652343750002
3 0.5471395765624999 0.6164190984375001 0.008798596874999998 0.012447128124999995
6 0.5579218546875 0.63087235859375 0.014355350000000034 0.035600973437500016
6 0.5743194921875 0.71528813125 0.01317896562499996 0.037306378125
3 0.61955463515625 0.73694576171875 0.01215570156250001 0.012364814062499984
3 0.6060305203125 0.69525391953125 0.009286634374999991 0.021213139062500018
3 0.70380014921875 0.840241128125 0.009424301562500048 0.021302831250000053
3 0.748462971875 0.9083735374999999 0.013011506249999982 0.011646037499999906
3 0.649859603125 0.8145331546875001 0.013224206249999959 0.029533143750000067
7 0.6982035874999999 0.8708244796875 0.11245675937500002 0.12845042499999995