0 0.226375 0.16611842109375 0.03925000000000001 0.2335526328125
7 0.23962500000000003 0.24835526328124996 0.06075000000000004 0.11074561406250001
1 0.36587500000000006 0.53426535078125 0.03774999999999999 0.04221491093750007
1 0.418625 0.61239035078125 0.042750000000000024 0.050438595312500036
4 0.512375 0.548793859375 0.07325 0.28837719375000004
4 0.51325 0.3434758765625 0.05800000000000001 0.13870614062500003
0 0.609875 0.41337719296875 0.05425000000000004 0.29276315781249995
4 0.61425 0.3130482453125 0.048499999999999946 0.15899122812500002
0 0.67275 0.28234649140625 0.052999999999999936 0.3958333328125
0 0.705375 0.480811403125 0.06524999999999999 0.33991228124999995
6 0.46274999999999994 0.362116228125 0.057500000000000016 0.17817982500000001
7 0.398211 0.12883771953125 0.09207799999999997 0.2576754390625
6 0.7538750000000001 0.33388157890625003 0.04125000000000005 0.061403507812500015
6 0.765875 0.40762061406250005 0.06475 0.05537280625000003