6 0.541962571875 0.16462549062499998 0.06724526874999999 0.051278175
9 0.5595580984375 0.13432678046875 0.007198218749999974 0.0174990953125
3 0.53562642890625 0.21176542421875003 0.06216557968749994 0.046451592187500015
3 0.9138572171875001 0.45887953046875 0.01269105624999991 0.03338915781249998
3 0.8699083625 0.5020106328125 0.01731163437499994 0.017959184374999992
3 0.77554209921875 0.47729992890624995 0.011699935937499984 0.01611933906249998
7 0.78361257734375 0.5529182710937499 0.02443333281250002 0.014396442187500025
6 0.8729051734375 0.46739015859375 0.07521229062500012 0.05550638281250002
3 0.8908893515624999 0.7920679984375 0.030165240624999968 0.010970440624999966
3 0.6900651640625 0.48961026796875 0.016676840625000012 0.008394451562499938
3 0.686274128125 0.16339202421875001 0.017072565624999925 0.0131981578125