6 0.21103075 0.4288245796875 0.05028550624999999 0.04314893125000001
6 0.21538132187499998 0.6034574820312499 0.010485434375000002 0.016384148437500023
6 0.1366867890625 0.398169028125 0.011813271875000008 0.013471853124999943
6 0.33669539296875 0.6973121609375 0.01646328593749997 0.010604128125000046
6 0.324813903125 0.6458210273437499 0.010343000000000036 0.01036824843750006
6 0.340678121875 0.5401920453125 0.01329387500000001 0.013365984375000028
6 0.36784607031250005 0.5026702039062501 0.038222699999999984 0.016534592187499975
6 0.3621578359375 0.52960369375 0.006496756249999969 0.008720793749999966
6 0.24702396640625 0.543982896875 0.007641385937500011 0.01931687499999999
6 0.3120870859375 0.45680959140625 0.007646553125000022 0.014435807812500024
6 0.33020385 0.45374839140625 0.007860200000000006 0.009420389062499979
6 0.48042495546874997 0.5789306859375 0.013787223437500006 0.02019539374999999
6 0.42818343906250006 0.586090721875 0.01330392812500003 0.010905015625000037
6 0.48532736328125 0.53915188515625 0.018208367187500053 0.025967364062499953
6 0.73188795703125 0.52972767421875 0.09533115468749997 0.09176895156249998
6 0.6851963476562499 0.35624171015624995 0.09000864218749997 0.10317791406249995
6 0.77720486484375 0.55885528515625 0.020782495312499982 0.028501385937499978
6 0.77828874921875 0.53563955703125 0.016468451562499986 0.029392285937499985
6 0.61597112109375 0.475274146875 0.008155398437500062 0.014216018750000003
6 0.61049506015625 0.41265418671875 0.013380310937500006 0.01524127343749999
6 0.5957663390625 0.6674223203125 0.012082915625000013 0.010026500000000027
6 0.92005958203125 0.41492558515625 0.026928332812500066 0.022806804687500026
6 0.418424746875 0.42999802734375 0.01129436874999996 0.005593051562500051
6 0.07780834453125 0.6509185679687499 0.013965264062499993 0.010132370312499982
6 0.354035740625 0.5138237999999999 0.011782828125 0.011515465624999966
6 0.347145309375 0.9133462328124999 0.018004774999999994 0.026967846874999958
3 0.54772286171875 0.37463585078125 0.01815753906250004 0.012312882812500004
6 0.22549960234375002 0.9007575898437501 0.01851851093749999 0.01498867031250004