3 0.0931969375 0.5980409515625 0.009479603125000003 0.02712659999999998
3 0.12894689374999999 0.6265926984375 0.013331659375000004 0.015953140624999928
3 0.20793962109375 0.575738825 0.014809776562499977 0.010609556250000018
3 0.24158932890624998 0.57486449765625 0.012117832812500007 0.026364676562499946
3 0.32262195 0.47758416015625 0.014550387500000017 0.03062220781249998
4 0.38640294765625 0.50063458046875 0.048467860937499954 0.09329642343750004
4 0.38609188437499997 0.45663728515625 0.04938900312499998 0.02402366093749997
3 0.42578805078125 0.5408783523437499 0.019221257812499993 0.014029879687500024
3 0.595258384375 0.44256361796875004 0.010514715625000014 0.0437486640625
3 0.6365809515625 0.5181004609375 0.030451443749999994 0.06660044374999999
3 0.76683662421875 0.21072809140625 0.02483614531249998 0.04397789218750001
3 0.386742915625 0.74059701328125 0.018633643750000005 0.018997035937500063
3 0.3334234296875 0.75507513515625 0.01472807812500001 0.027692404687499915
6 0.5328042640625 0.58025432734375 0.008638934374999963 0.04138613281249999
6 0.47673503124999994 0.5356254437500001 0.0063673249999999905 0.043950059375
4 0.6899696765625001 0.490268340625 0.08861867499999994 0.12731111562500005
3 0.76717322109375 0.3799615078125 0.018356279687499998 0.09431350937499997
6 0.9621989460937499 0.16578453437500001 0.029177773437500144 0.06681238125
6 0.6465566671875 0.443098096875 0.024168062500000077 0.03001612812500003
6 0.9279297671875 0.43504472656250004 0.027620203124999954 0.034231906249999965
6 0.59560754140625 0.5085718984375001 0.009475723437500073 0.03692530937500003
6 0.06341551875 0.6565003367187501 0.007227399999999995 0.02422462968749999