2 0.43419103046875007 0.7572044499999999 0.2102127578125 0.09860164375
2 0.611958765625 0.7490459070312501 0.20550946249999996 0.0945500359375
2 0.64195007109375 0.7606617375000001 0.2653681109375 0.0879153843750001
2 0.7037247179687499 0.64738776640625 0.15424827968750005 0.06720852031250005
2 0.65689036796875 0.48827645625000005 0.14485902968750003 0.07453769687499996
2 0.65954991328125 0.39760980234375 0.13975698281250004 0.07594305781249995
2 0.6864530007812499 0.34952146640625 0.13172938906249998 0.05383667343749998
2 0.60142565390625 0.2911228171875 0.14313945156249996 0.08544467500000001
2 0.5847093140624999 0.25167641015625 0.07923960937499999 0.04759571718749998
2 0.6554428328125 0.29769746484375004 0.123795934375 0.0791106890625
2 0.5954762726562499 0.8744034015625001 0.11664811718749997 0.030743334375000052
0 0.4257500890625 0.86579059765625 0.3564512125 0.04227195468750011
7 0.74094498125 0.201631571875 0.3330743281250001 0.25369273124999997
8 0.511800434375 0.7568813359375 0.03536506562500001 0.032637412500000004
8 0.6948501289062501 0.7385919937500001 0.02347355468750001 0.029620615625000023
8 0.7563555890625 0.76000663203125 0.020161740625000046 0.027277592187500053
8 0.71409709296875 0.4801978070312501 0.015201423437499972 0.02036825468750001
8 0.71245695078125 0.38018306796875 0.012334473437500026 0.021393548437499986
8 0.655178309375 0.26997596640625 0.018591084374999945 0.022511870312500015
8 0.56918191171875 0.26111404375 0.0210366546875 0.014998921875000005