0 0.26411886874999996 0.7153526062500001 0.066814021875 0.18363795000000005
0 0.45994029609375 0.5924416796875 0.041599448437500006 0.15152683749999998
0 0.70373755390625 0.73968332578125 0.06588488281249996 0.14717985781249993
0 0.7612021828125 0.787214125 0.03841125000000005 0.05816370937500004
0 0.6098833921875 0.76848984140625 0.06276068124999998 0.0661147203125001
0 0.7811006929687501 0.505454871875 0.0391176203125001 0.08091248749999994
0 0.8156536046875 0.7948656984375 0.04229265 0.05479567187499992
0 0.8032955726562501 0.9356720742187499 0.046396267187499965 0.06600872656250001
7 0.4047581796875 0.59116270625 0.024035365625000037 0.03546411875000004
7 0.3177198328125 0.8103834546875 0.047949174999999976 0.05430395625000006
1 0.73308833671875 0.8091691093750001 0.006835735937499976 0.009012528124999974
1 0.7934630734375 0.54155808515625 0.013529456250000039 0.008706060937499949
4 0.7590708765624999 0.84670892109375 0.04506579374999999 0.09162621406250011
6 0.8691256124999999 0.8943152632812501 0.11038261874999993 0.18922427343750003
6 0.4361184890625 0.82711422265625 0.01494219999999995 0.017566135937499894
3 0.20546365546874998 0.77928329453125 0.023168260937499997 0.015534657812500009