0 0.119 0.16447368359374998 0.1145 0.2182017546875
1 0.07137500000000001 0.25328947343749997 0.01925 0.03837719375000002
6 0.099125 0.07620613984374999 0.05075 0.07017543906250001
6 0.2705 0.46162280703125 0.1065 0.1359649109375
6 0.236625 0.46271929843750004 0.04775 0.10197368437499996
6 0.590625 0.51480263125 0.06575000000000006 0.11293859687500003
6 0.619625 0.5076754382812501 0.020749999999999956 0.058114035937500044
0 0.66525 0.27001096484375 0.041999999999999996 0.0762061390625
6 0.75975 0.49698464921875 0.016000000000000014 0.035635964062499956
6 0.74275 0.47916666718749995 0.008000000000000007 0.006578946875000024
6 0.34550000000000003 0.89144736796875 0.014000000000000012 0.03070175468749987
6 0.272625 0.37856359687499996 0.014250000000000007 0.03234649062499999
6 0.8321249999999999 0.2546600875 0.015750000000000063 0.010416665624999988