2 0.28232230390625 0.62663398671875 0.0940563734375 0.20996732031250004
2 0.26930147109374997 0.45302287578125 0.09436274531250004 0.2140522890625
2 0.24708946015624997 0.42361111171875 0.08302696093750002 0.2728758171875
2 0.357383578125 0.33680555624999997 0.07689950937500001 0.1515522875
2 0.52022058828125 0.35049019609375 0.0637254890625 0.1478758171875
2 0.60906862734375 0.3294526140625 0.06617647031249999 0.140931371875
2 0.6492034320312501 0.2947303921875 0.053308823437499965 0.1327614375
2 0.7205882359375 0.365604575 0.07536764687500001 0.14460784374999996
2 0.76179534296875 0.3756127453125 0.039522057812500046 0.08210784375000002
2 0.70833333359375 0.31535947734374997 0.06985294218750004 0.1307189546875
2 0.1484375 0.48999183046874994 0.044424018750000016 0.1098856203125
0 0.17386642109375 0.6609477125 0.07751225468749998 0.35375816875000005
7 0.7886029406249999 0.20833333281250002 0.25980392187499995 0.30392156875
8 0.27450980390625 0.5494281046875 0.033700979687499986 0.03267973749999999
8 0.26960784296874996 0.36376633984374995 0.02879902031249997 0.026552289062499977
8 0.24111519609375 0.3071895421875 0.028799020312500014 0.016339868749999997
8 0.5208333328125001 0.29248366015625005 0.02144607812499997 0.012254901562499976
8 0.6191789218749999 0.27348856171875 0.020220587499999977 0.014297385937500007
8 0.734375 0.30800653593750005 0.021446078125000056 0.020424837500000015
8 0.753523284375 0.3919526140625 0.013786765625000008 0.020016340625000018