6 0.75109649140625 0.444125 0.10307017656250003 0.03174999999999999
3 0.70614035078125 0.583 0.007675439062500011 0.0060000000000000496
3 0.7297149125 0.601125 0.007675437500000016 0.007250000000000067
3 0.75301535078125 0.685125 0.018092104687499954 0.009250000000000026
3 0.8193530703125 0.9151250000000001 0.04769736875000001 0.007249999999999979
3 0.7790570171875 0.87325 0.01206140312499997 0.015500000000000114
3 0.7900219296875 0.884375 0.016447368749999924 0.013749999999999929
3 0.796875 0.883 0.014802631250000076 0.013500000000000156
3 0.78700657890625 0.9012499999999999 0.018092104687499954 0.013999999999999879
3 0.814418859375 0.8311250000000001 0.026864034375000047 0.0037499999999999643
3 0.80235745625 0.767625 0.015899121875000068 0.011249999999999982
3 0.79769736875 0.7837500000000001 0.02192982499999996 0.010000000000000054
3 0.7708333328125001 0.6608750000000001 0.02192982500000005 0.0067499999999999895
6 0.64912280703125 0.14175 0.014254385937500036 0.0040000000000000036
6 0.7935855265624999 0.672 0.04660087812499993 0.01749999999999998