7 0.67893269921875 0.9197263265625001 0.4538424703125001 0.16054734687500005
7 0.73749797890625 0.88379958515625 0.3021261234375 0.18394928906249994
7 0.5695552171875 0.6406693656250001 0.6945432250000001 0.440895909375
7 0.86292500859375 0.7925214671874999 0.23367390156249995 0.19481795625
7 0.8768379054687501 0.36495101874999997 0.23988441093749993 0.41754990000000003
7 0.22236526250000002 0.679970478125 0.052218968750000025 0.02605622812499995
7 0.2801538078125 0.44241271718749997 0.09223918750000001 0.06662014374999999
7 0.2179608890625 0.4901984453125 0.216539471875 0.1147536875
6 0.7850530359375 0.44062795078125 0.40742829375000006 0.3353925828125
6 0.05824409140625 0.40126996249999997 0.09473961093750001 0.08091179374999999
6 0.12197593124999999 0.520455459375 0.08535138749999999 0.05835027500000001
6 0.047202191406249996 0.6167204640625 0.0719092328125 0.03909844062500003
6 0.54392601015625 0.4231765515625 0.09848827968749996 0.04733534374999997
6 0.54931716875 0.3732381046875 0.13243731250000002 0.05712307187499999
6 0.6249352179687501 0.40481926328124995 0.04565781406249991 0.03728617343749998
8 0.22718720234375 0.73301961015625 0.013410070312500012 0.0061031390624999736
9 0.10397334921874998 0.49266686875000004 0.014705970312499993 0.027960496875000018
9 0.5940169093750001 0.40694531874999995 0.010312746875000034 0.017307865624999995
0 0.46068422499999995 0.3992594109375 0.056253449999999997 0.13667204375000003
1 0.45615976953125 0.33895451953125 0.026326276562499994 0.015523710937500023