0 0.423130196875 0.49007258749999993 0.019892596874999936 0.028507709375000002
0 0.459785796875 0.44995285859375 0.023514049999999998 0.029233182812500046
0 0.4715204585937499 0.45316731718750003 0.02584475156249999 0.032108931249999986
0 0.75881237578125 0.9431376484375 0.02683853593750003 0.01468050937499985
0 0.59450683671875 0.6930020562499999 0.037914720312499914 0.017497403124999967
0 0.60750333515625 0.6586124046874999 0.015588864062500018 0.02639536250000001
0 0.5512323796875 0.6960407765625 0.018519734374999965 0.02217164687499995
0 0.33219144843750004 0.24964773203125 0.04115805624999998 0.028937310937500006
6 0.7597172593750001 0.9261334265624999 0.02031879999999999 0.015353018750000124
6 0.70658811875 0.9035562039062499 0.02621504374999999 0.021264389062499944
6 0.78166331796875 0.9258615820312499 0.03074913281249998 0.01948780781250008
6 0.7246921132812499 0.9098332578124999 0.010199976562500001 0.011803778125000086
6 0.73750514296875 0.9048915890625 0.016834407812500007 0.011253212499999953
6 0.75331246171875 0.89865442734375 0.025511360937499995 0.015068254687500015
6 0.67904302421875 0.8362244070312499 0.010568829687499993 0.010969432812500023
6 0.7142810328125 0.831853740625 0.017584259374999966 0.01201661562500007
6 0.67340556875 0.81324587890625 0.014226706250000021 0.01322268906250006
6 0.64605943984375 0.80647923046875 0.01141149531250001 0.005982317187500108
6 0.67163933125 0.7936222265625 0.008619124999999972 0.007099462499999998
6 0.64860180390625 0.76468589609375 0.01779177031249999 0.013702307812499991
6 0.62657020234375 0.78844187890625 0.007349779687499947 0.00835948281249994
6 0.5805787757812501 0.6626308 0.036645854687500014 0.012639106249999976
6 0.59107787734375 0.6480312085937501 0.03027628281250001 0.009137917187500033
6 0.595380171875 0.614270584375 0.022822509374999987 0.009991228124999996
6 0.64507619921875 0.6195488492187501 0.005976917187499975 0.007366245312500031
6 0.84034772578125 0.67227716484375 0.027587907812499958 0.017304514062499977
6 0.6946924343750001 0.38882706015624996 0.020561296874999968 0.014946307812500014
6 0.5763886250000001 0.49479851328124996 0.013165349999999965 0.017714167187499984
6 0.6594974765625 0.71402746875 0.010118825000000076 0.01086252187500003
6 0.36181987812500005 0.33249340234374997 0.03641502187500003 0.026302504687500016
6 0.38970051953125 0.42022925312500004 0.008169117187499974 0.006620828124999978
6 0.47998909921875 0.5716092046875 0.02881156406250005 0.021620100000000076
6 0.4358883546875 0.4194008 0.042553278125000024 0.023451612499999986
6 0.46539777265625004 0.4165029890625 0.01390353906249997 0.013027834374999969
6 0.5883827945312501 0.492971421875 0.012784354687499989 0.011394121874999996
6 0.58153038671875 0.5270512999999999 0.005492404687500052 0.0063190624999999835
6 0.43107527109375 0.51160523515625 0.01369650781249998 0.018424604687499978
6 0.2653614078125 0.24782830625000002 0.016257565625000005 0.01253219687499998
6 0.2526145140625 0.18598368359375 0.024529718749999985 0.02825792656249999
6 0.3909336828125 0.38793249375 0.013823346874999975 0.012957871874999994
6 0.4299313265625 0.47333564140625006 0.016695909375000005 0.0039049484375
6 0.5148332531250001 0.53751478203125 0.026964415625000005 0.02392632031249997
6 0.25752160703125 0.1282602828125 0.02943457656249997 0.00926968749999999
6 0.158382509375 0.0922401671875 0.013742196875000001 0.010881487499999998
6 0.25061935703125 0.20797649218749997 0.015230714062500006 0.01128917812500001
6 0.382415678125 0.3267368421875 0.005977874999999999 0.023732450000000016
6 0.33336039453125 0.3277236953125 0.009472489062499978 0.014075018750000012
6 0.272644171875 0.16554710390625 0.009669778125000006 0.015211126562499988
6 0.2926553 0.2463229265625 0.031799784375000015 0.0249914875
6 0.27782578984375 0.1845142640625 0.010176654687499998 0.008448412499999992
6 0.26963406796875 0.19771047109375 0.007015429687500019 0.007969773437499984
6 0.46797136796875005 0.5611694085937501 0.012115176562500007 0.007702989062499999
6 0.34884358828125 0.29741733984375 0.032572957812500025 0.019418826562500026
6 0.34018340859374996 0.28601977968750003 0.018737948437500006 0.013170706249999987
6 0.31400750078125 0.25862725234374995 0.007696270312499998 0.009833320312500015
6 0.32738156015625003 0.28279682031250003 0.010073139062500003 0.008609265624999996
6 0.34941340312499997 0.26810225703125 0.030184428124999975 0.020286189062499994
6 0.27077122343750004 0.20868938515625 0.008619125000000016 0.009797357812499996
6 0.30890975000000004 0.17655741093750002 0.01202332187499997 0.013472471875000003
6 0.261092021875 0.1139894296875 0.01749240624999997 0.010013140624999983
6 0.27893578984375 0.10803703203125 0.016765398437500023 0.01666796718750001
6 0.2084401234375 0.05844048281250001 0.015161221874999997 0.009052918749999994
6 0.19886267968750002 0.048587214062499995 0.015023203125000006 0.010579721874999998
4 0.7035802515625 0.8554338328125001 0.017526431249999953 0.012247434374999954
7 0.6730061234375 0.7821027203125 0.03385300624999994 0.014202856250000017
7 0.791823196875 0.93855414375 0.04636084062499997 0.018383728124999978
7 0.53836423671875 0.6329001671875 0.024680360937500014 0.019401825000000004
7 0.54179671171875 0.49748250546875 0.025442351562500055 0.021103535937499984
7 0.47204698203125 0.4880115796875 0.031234601562499974 0.023908337499999988
7 0.49530176484375 0.4715693703125 0.03819220156250003 0.021835884374999993
7 0.47840561328125003 0.5109371453125 0.0310951421875 0.026942978125000037
7 0.3712362171875 0.35553585078124994 0.04470027499999998 0.024462832812500012
7 0.52911100078125 0.5145302078125 0.02783040156250003 0.020945625000000058
2 0.8077898640625 0.6152228359375 0.028499578124999925 0.013895196874999982
2 0.84262323515625 0.7276853531249999 0.011918848437499996 0.016116421874999974
2 0.9393377796875001 0.8583689695312501 0.018876449999999954 0.012441304687500043
2 0.89884235390625 0.43008981640625 0.017122110937500067 0.022577373437500013
5 0.40828008125000004 0.3536587421875 0.008619124999999972 0.006354043749999994
5 0.36503605546875 0.26314309765625 0.011400310937500002 0.013703289062500002
9 0.49565983515624995 0.6108125375 0.009704760937499923 0.023058956249999964
9 0.482741853125 0.59238596796875 0.01149312499999997 0.021426229687499986
9 0.30761077109375 0.15677437656249998 0.01672067031250002 0.036887137499999986
9 0.61495583046875 0.762932846875 0.009483673437500072 0.019328915624999964
1 0.30313403515625004 0.16030612734375 0.008572957812500004 0.006673789062500002
1 0.31630904921875 0.24966374843750003 0.006599929687499983 0.004970115624999982
1 0.30358715546875004 0.230172015625 0.007811445312499998 0.0063190624999999835
1 0.30624613671875 0.21754288203125 0.006230592187500017 0.0063370453125000115
1 0.2189103109375 0.04070081484375 0.006819099999999967 0.005982317187499997
1 0.27754735156250004 0.15136517734375002 0.007407606250000009 0.005520679687500007
1 0.29151135546875 0.21013870703124998 0.005215404687500013 0.005733517187500014