6 0.47384331796875 0.32676037031250005 0.08128488281250004 0.05417811562500004
3 0.5799078007812499 0.37564894765625 0.02921104218749999 0.007131723437499992
3 0.37358115937499997 0.34743133359375 0.027969265624999996 0.013576660937499962
3 0.4969758046875 0.2136272671875 0.035492384375 0.012611690625000005
7 0.553895040625 0.44207282109375 0.015286096874999978 0.006067964062500053
1 0.660624 0.5269322687500001 0.02062021249999999 0.007606537499999977
3 0.671042815625 0.72909784609375 0.01167236875000004 0.002901614062500002
3 0.51868523203125 0.10337083593749999 0.011488310937500046 0.015284059374999992
3 0.017049114843749998 0.2174419453125 0.014157220312500001 0.020149171874999983
3 0.15156293984375 0.11260795390625 0.0229855046875 0.016730548437499992
3 0.81743681640625 0.3298807546875 0.02678217968750012 0.011105731249999983
6 0.7165822515625 0.59598151796875 0.015283878125000072 0.010009357812500053
3 0.40337703437499994 0.6709235984374999 0.013452999999999937 0.00933215624999999
6 0.0911692421875 0.2723975234375 0.02108994062499999 0.014348824999999987