7 0.07682291640625 0.286865234375 0.1380208328125 0.04345703125
1 0.0872395828125 0.342529296875 0.06640624999999999 0.05029296875
7 0.13509114609375 0.393798828125 0.0709635421875 0.05419921875
9 0.12760416640625 0.47216796875 0.23958333281250002 0.0146484375
6 0.27115885390625005 0.279541015625 0.07877604218749998 0.02587890625
3 0.36653645859374995 0.427978515625 0.018229167187499985 0.03564453125
6 0.8873697921874999 0.550537109375 0.08203125 0.10888671875
6 0.56380208359375 0.748046875 0.10807291718750003 0.1025390625
7 0.8974609375 0.693359375 0.130859375 0.0703125
6 0.64029947890625 0.49951171875 0.04622395781249997 0.046875
9 0.7350260421874999 0.5283203125 0.22265624999999992 0.1298828125
7 0.7620442703125 0.373291015625 0.033203125 0.03271484375
7 0.89322916640625 0.423583984375 0.10677083281250006 0.07470703125
7 0.6943359375 0.470947265625 0.034505209375000054 0.04052734375
7 0.767578125 0.589111328125 0.026041665624999943 0.03564453125
9 0.78938802109375 0.983154296875 0.007161457812499971 0.02880859375
9 0.7171223953125 0.9853515625 0.076171875 0.02734375
6 0.09505208359375 0.951904296875 0.0651041671875 0.02783203125
9 0.4189453125 0.42138671875 0.185546875 0.0654296875
6 0.14095052109375 0.158203125 0.15169270781250002 0.1171875
7 0.3434244796875 0.31396484375 0.048828125 0.02734375
3 0.32584635390625005 0.6376953125 0.030598957812500015 0.013671875
3 0.36979166640625005 0.6328125 0.018229167187499985 0.0302734375
3 0.11783854140624998 0.765869140625 0.029947917187500006 0.02587890625
3 0.8330078125 0.84765625 0.02278645937499988 0.025390625
3 0.45345052109374995 0.632080078125 0.027994792187500027 0.02685546875
3 0.68912760390625 0.4248046875 0.014973957812499971 0.01953125
3 0.7770182296875 0.408935546875 0.037109375 0.01806640625