7 0.1856846015625 0.9225327484375001 0.045317046874999975 0.026528596874999977
6 0.18307425703125002 0.5290208640625 0.09224702343750002 0.09081318437500005
7 0.15261462578125 0.6089010773437501 0.0378776453125 0.03856699843750002
7 0.2409461375 0.446809953125 0.10415105312499999 0.06711238124999994
7 0.32469732109375 0.4135566296875 0.16705238281250004 0.14129898124999998
7 0.41008300625 0.34510963906250003 0.11636479375000004 0.1251093
7 0.29612231171875003 0.184233284375 0.1554237671875 0.20599459375
6 0.84965409140625 0.75439095625 0.0727371265624999 0.05230866875000002
7 0.59774025625 0.49838722421875004 0.03490485625000002 0.026828226562500036
7 0.6367789234375 0.38336320312499994 0.01237661250000004 0.013221143750000008
7 0.70665075859375 0.3947412015625 0.010505914062500033 0.017726965625000046
6 0.7741374046875 0.38389327890625 0.01609919062499996 0.019647189062500025
7 0.86977092109375 0.32122597265625 0.03453986406249996 0.03927386718750001
9 0.65914455234375 0.7631781484375 0.007490720312499999 0.024718506249999984
5 0.6649026828125 0.7522892000000001 0.014377496874999984 0.016834068749999976
6 0.23970179218750004 0.527598446875 0.034375015625000005 0.025142468750000015
7 0.10754801328125 0.46454298984375003 0.04836870156249999 0.06786043281250001
7 0.20546714453125 0.3928450296875 0.041717720312500005 0.03301318124999995
7 0.55050091875 0.005735478125 0.036154746875000046 0.01147095625
7 0.8582070851562499 0.19884530156250002 0.061227798437499995 0.05283298125000002
6 0.676399778125 0.47426119531249994 0.03141708124999996 0.047430637500000025
6 0.7273366593749999 0.5270315421875 0.029980521874999954 0.03602636874999998
6 0.7107329734375 0.41233026484375 0.02367670000000004 0.0402252984375
6 0.3967468140625 0.59950855078125 0.014583762499999996 0.024556460937500014
6 0.45990325312499997 0.49002809296875 0.040448796874999984 0.030944639062500022
7 0.41601601875 0.44684159140625007 0.044855175000000004 0.0684256140625
7 0.3634095671875 0.45018249609374994 0.03509527500000002 0.0386809171875
7 0.4201225 0.41749648203125 0.039444393750000015 0.03673623593750004
7 0.38778046796875004 0.4306040218750001 0.028955317187499975 0.017795915625000002
7 0.54370810390625 0.28580856328125004 0.0422327046875 0.033592245312500026
6 0.48586005078125005 0.06354586796875 0.043578514062499976 0.0402734234375
6 0.37541951875 0.50470794375 0.02282229375 0.03819825937500001
6 0.38308381875 0.5142505265625 0.020130675000000008 0.028021228124999985
7 0.6301026843749999 0.4070905921875 0.026474918749999965 0.023291353125000035
9 0.85675548359375 0.32167415703125 0.04207695156250004 0.05791802656249998
6 0.17707444609374998 0.29083908515625 0.026507417187500004 0.025556179687499993
6 0.5765893515625 0.0373839625 0.018743450000000016 0.017744165624999995