6 0.29541306484375 0.25995520859375 0.04209549531249999 0.1282562703125
6 0.35844133281249996 0.3556081203125 0.242450996875 0.04969904062499997
0 0.42272712187500006 0.5438789742187501 0.031110487499999985 0.045054257812499984
1 0.43553985468749995 0.52567054140625 0.006449034374999929 0.007432107812499922
1 0.28635898359375 0.47217001953125004 0.005632239062500011 0.009839473437499979
1 0.23388639140624998 0.48724111015625005 0.003757095312499992 0.00863099218750003
0 0.25624059218750006 0.4903792859375001 0.04738915937499999 0.024008009374999962
4 0.26492532890625 0.5199746875000001 0.028356667187499962 0.026303268749999997
7 0.24551865624999997 0.522662578125 0.015094634374999982 0.04089822187499994
7 0.11098337031250001 0.3343279234375 0.0574120875 0.031146796875000014
3 0.6453659484375001 0.69516666875 0.00533780312499994 0.01913722499999997