3 0.36290322578125 0.0148689515625 0.020161289062499987 0.012096775
3 0.40910618281249994 0.0326360890625 0.006384409375000022 0.011340725000000001
3 0.4499327953125 0.0923639109375 0.02486559062499998 0.018397178125000004
3 0.63440860234375 0.043598790624999995 0.010752689062499954 0.017137096874999997
3 0.51495295703125 0.1152973796875 0.027217742187499994 0.0078125
3 0.94791666640625 0.13369455624999999 0.03494623593749999 0.01688508125000001
3 0.7540322578125 0.15574596796875 0.008736559375000041 0.00856854843749999
3 0.33165322578125 0.64604334609375 0.029569892187499967 0.017893145312500015
6 0.30729166640625005 0.55304939453125 0.3699596765625 0.12273185468749999
1 0.39784946250000003 0.63634072578125 0.026209678125000035 0.02066532343750005
6 0.52738575234375 0.5350302421875 0.012432795312500033 0.012096775000000014
6 0.5715725804687499 0.63092237890625 0.020833332812499973 0.016381048437500035
6 0.16985887109375 0.6086189515625 0.017809139062500014 0.005040321874999964
6 0.27352150546875 0.59148185546875 0.018145160937500026 0.025705645312500015
6 0.29502688203125 0.38470262109375 0.020833332812499973 0.014364920312500029
3 0.26629704296875 0.22265625 0.027889785937499977 0.01587701562500001