6 0.3887019234375 0.44038461562500003 0.37548076874999997 0.475641025
2 0.24134615390624997 0.5608974359375 0.0615384609375 0.05256410312500002
2 0.24615384609374996 0.6383012820312499 0.04711538593750002 0.10544871718750004
2 0.29134615390625 0.6299679484375 0.0442307703125 0.10544871874999995
2 0.31802884609375 0.6331730773437501 0.0629807703125 0.0887820515625
2 0.2381009609375 0.72083333359375 0.084375 0.0634615390625
2 0.21526442265624998 0.796794871875 0.05456730781250001 0.09487179374999996
2 0.2764423078125 0.81169871796875 0.064423078125 0.11506410156249994
2 0.35360576875 0.828044871875 0.07836538437499999 0.10929487187500006
2 0.32139423125 0.731891025 0.08125 0.09070512812500002
2 0.36826923125 0.6996794875000001 0.08461538437499998 0.0878205125
2 0.4835336539062499 0.6011217953125 0.08149038593749998 0.11570512812499993
2 0.51430288515625 0.7778846156249999 0.060817307812499964 0.1224358968749999
2 0.6016826921875 0.402884615625 0.06875 0.12564102500000002
2 0.66141826953125 0.34551282109375003 0.0978365390625 0.11089743593749998
2 0.87596153828125 0.47644230781249997 0.06923077031249995 0.13942307812500002
8 0.69915865390625 0.31634615312500003 0.014663460937499994 0.02179487187500002
8 0.5064903843749999 0.56233974375 0.01009615312500003 0.009294871875000065
8 0.29146634609375 0.7639423078124999 0.01081730781250001 0.0125
8 0.6204326921875 0.46442307734375 0.010096153124999941 0.008333332812500061