7 0.7118277703125 0.8309695625 0.13623052500000005 0.13843243750000012
7 0.5592544578125 0.60760938515625 0.0754477875 0.08694192968749999
7 0.5849631578125001 0.4425639210937501 0.06333617187499999 0.07491763593750003
7 0.3123428765625 0.2689537234375 0.06925932812499998 0.05466873437499999
7 0.2508078296875 0.215896703125 0.08133970937499999 0.065178909375
7 0.05860009765625 0.92369651953125 0.0653227921875 0.13844365781250012
7 0.70874854609375 0.34419228281250003 0.03772787031249995 0.04752313125
7 0.4135192390625 0.26371531015625005 0.05112835625000005 0.050509173437499964
5 0.936289803125 0.36307120781249996 0.031546343750000004 0.02612820937499998
6 0.95887032265625 0.3078287515625 0.013440164062499881 0.012583312499999976
7 0.681343025 0.20239725156250002 0.05109165624999994 0.046871175
7 0.1994885859375 0.3596874328125 0.06191489374999999 0.023476284375