0 0.536305146875 0.313725490625 0.06158088125000001 0.06372549062499999
0 0.6429227945312499 0.47120097968749997 0.06893382343749996 0.11642156875000005
6 0.5263480390625 0.42483660078124996 0.012867646875000017 0.014705882812500005
6 0.54090073515625 0.46466503281250005 0.017463235937499988 0.028186275000000018
6 0.753523284375 0.48549836640625 0.04197304062500003 0.05759803906250003
6 0.88817401953125 0.56045751640625 0.03431372656249998 0.030228757812500007
6 0.7377450984375 0.37928921562499995 0.011642156250000025 0.012663399999999969
6 0.6364889703125 0.3756127453125 0.00827205937500004 0.011029412500000025
6 0.60477941171875 0.27736928125000004 0.015318626562500003 0.04248365937499998
6 0.5724571078125 0.38031045781249995 0.015625 0.011437909374999977
6 0.5882352945312499 0.4509803921874999 0.01899509843749998 0.013888887500000013
6 0.6726409312499999 0.46119281015624997 0.01746323437500008 0.01960784218749998
6 0.5497855390625 0.52900326796875 0.013786765625000008 0.026143792187500025
6 0.48973651953125 0.6323529414062501 0.05177696093749997 0.02287581718749996
6 0.35738357890625 0.6397058828125 0.015012254687500004 0.01879085000000007
6 0.629289215625 0.6084558828125 0.019607843749999975 0.0625
6 0.67555147109375 0.5584150328125 0.05208333281249997 0.05065359374999998
6 0.61029411796875 0.683210784375 0.02022058906250006 0.01756535937499999
6 0.60186887265625 0.5255310453125001 0.04197303906250003 0.02491829999999995
6 0.668351715625 0.6017156867187501 0.009497550000000032 0.02124182968749997
6 0.71001838203125 0.56004901953125 0.021752451562499962 0.04411764843750001
6 0.7195159320312501 0.62581699375 0.016237745312499996 0.010620915624999939
6 0.69286151953125 0.6278594765625 0.015012254687500004 0.01879084999999998
6 0.688725490625 0.6419526140625 0.007352940624999959 0.027369281250000023
6 0.7087928921875 0.65420751640625 0.010723040625000024 0.014297385937500007
6 0.5242034312499999 0.5870098039062499 0.011642156250000025 0.01225490156250002
6 0.645680146875 0.6188725492187499 0.014399509375000008 0.022058823437499965
6 0.50229779375 0.82802287578125 0.016850490624999992 0.014705882812500093
6 0.669117646875 0.6252042484375 0.011642156250000025 0.011029412499999936
6 0.6825980390625 0.62622548984375 0.004289215624999976 0.01388888906250001
6 0.623008578125 0.7281454249999999 0.01746323437499999 0.01021241875000003
6 0.6660539218749999 0.64379084921875 0.011029412500000025 0.013071895312500015
6 0.6122855390625 0.5439133984375 0.0076593124999999596 0.006944443749999962
6 0.58915441171875 0.6147875812500001 0.006740195312500053 0.010620915625000027
6 0.64537377421875 0.73856209140625 0.013174020312500012 0.011437907812500026
6 0.74540441171875 0.768382353125 0.006740195312500053 0.02042483749999997
6 0.83072916640625 0.80085784296875 0.006433823437500053 0.015931373437499997
6 0.6528799015625 0.35498366015625005 0.009803921875000033 0.009803920312499992
6 0.65303308828125 0.63664215703125 0.01194852968750002 0.007761439062500042
6 0.6420036765624999 0.6466503273437499 0.005208334374999968 0.013071895312500015
6 0.6482843140625001 0.7085375812500001 0.0067401968750000485 0.016748365624999994
6 0.6583946078125 0.72038398671875 0.007352940624999959 0.010212417187499944
6 0.67018995078125 0.44648692812499996 0.013174020312500012 0.010620915625000027
6 0.684436275 0.49040032656250004 0.007352940624999959 0.007761437500000046
6 0.31648284374999996 0.4667075164062499 0.02696078437499998 0.015114379687500002
6 0.69071691171875 0.8833741828124999 0.01868872656249998 0.008578431249999952
6 0.8408394609375002 0.735498365625 0.013786765625000008 0.015931371875
6 0.62959558828125 0.36866830078125 0.008578432812500036 0.005310457812500014
6 0.8967524515624999 0.25245098046875 0.009803921874999944 0.014705882812500005
6 0.90885416640625 0.2549019609375 0.013174020312500012 0.014705881250000007
6 0.90655637265625 0.23794934687499997 0.021446079687499876 0.019199346875000023
6 0.92432598046875 0.23263888906250002 0.011642157812500109 0.008578431249999996
6 0.59773284296875 0.9626225492187501 0.02022058906249997 0.010212417187499944
3 0.73805147109375 0.013071895312500002 0.01899509843749998 0.010620915625000001