2 0.29273065859375 0.37342553828125 0.09470134531249999 0.2110763140625
2 0.296351996875 0.5498445757812499 0.09007611562499998 0.2109207828125
2 0.28296968203125 0.5799166367187499 0.0825118984375 0.2710079046874999
2 0.39393210546875 0.65571601875 0.06959990468749995 0.15367198749999994
2 0.5541656335937499 0.6270429117187499 0.0719385296875 0.14667812968750002
2 0.6444504945312499 0.63919413359375 0.07369690468750001 0.14076359531250002
2 0.691208925 0.670673875 0.05274207187500002 0.13230876875000003
2 0.75206433828125 0.5930630671875 0.08274187968750005 0.14454924375000006
2 0.792099775 0.57991210390625 0.045575234374999954 0.08104264218749994
2 0.7443175078125 0.6452229484374999 0.07698048437500002 0.12829448437500002
2 0.1709734890625 0.5223044742187499 0.03404607187499999 0.11363332343749999
0 0.18346634140625 0.35092141640624996 0.050444710937500005 0.3570506015625
7 0.83624893359375 0.743307484375 0.2541977578125 0.318422778125
8 0.29059867968750003 0.45137677812499993 0.032782321875000034 0.034104309374999975
8 0.30344275078125 0.63691543828125 0.029458160937500023 0.025290739062499946
8 0.28031308359375 0.6960871375 0.02767210468750001 0.01819219062500004
8 0.5604194124999999 0.68474866875 0.020648928124999966 0.013551515624999944
8 0.6601495539062501 0.6943004257812501 0.02113778593750002 0.013477776562500043
8 0.7716739960937501 0.6490587695312501 0.022282982812499963 0.01938425781249995
8 0.7830029546875 0.56373945078125 0.01472650312499999 0.020601745312499985