4 0.6825980390625 0.6948529406249999 0.10866013125 0.09497549062500008
4 0.8368055554687501 0.07735906875000001 0.06740196093749998 0.049938724999999996
4 0.46629901953125 0.58272058828125 0.1572712421875 0.07414215781250003
9 0.64215686328125 0.766850490625 0.11192810468749999 0.1109068624999999
9 0.82352941171875 0.04381127421875 0.043300654687499926 0.0876225484375
5 0.66013071953125 0.7400428921875 0.10294117656250004 0.07015931250000004
5 0.84109477109375 0.0405943625 0.06944444531249996 0.040134803125
6 0.47651143828125 0.44898897031249996 0.3075980390625 0.206188725
6 0.89501633984375 0.29580269609375 0.20915032656249996 0.2190563734375
6 0.68504901953125 0.21001838203125 0.1846405234375 0.0818014703125
6 0.6252042484375 0.42570465703125004 0.04534313749999992 0.04136029531250003
6 0.843341503125 0.688725490625 0.08292483749999988 0.04289215624999994
3 0.72467320234375 0.268382353125 0.03267973906249999 0.007352940625000004