6 0.479302821875 0.491058340625 0.09458456250000005 0.032910040625000025
6 0.15173892109375 0.22404822421874998 0.1325025921875 0.05072534531249999
9 0.5215870140625001 0.5027590749999999 0.00638301874999998 0.015863643750000024
6 0.2890108421875 0.77217313515625 0.08053192187500002 0.05602860781249994
6 0.66748019375 0.869056340625 0.084792290625 0.009499028124999854
6 0.28883598515625 0.9425875250000001 0.027137295312499976 0.010349609375000134
3 0.10334412343749999 0.8599094289062499 0.026130012499999987 0.006513079687499967
3 0.2052093015625 0.6462492531249999 0.017880859374999992 0.013814440625000035
3 0.6891544406250001 0.684709371875 0.025621562500000028 0.006862484374999945
3 0.16769474999999998 0.5778575601562499 0.023023068749999997 0.006659889062499947
3 0.22989401562499995 0.5358661343750001 0.0104376625 0.012247234375000016