0 0.6314361242187501 0.7819507156250001 0.17692757031250003 0.09111529687500006
0 0.541941815625 0.560069271875 0.14859765312499995 0.06042835625
0 0.723658728125 0.34661949375 0.14977494062500005 0.04176128124999998
0 0.7778414687499999 0.30099701171875 0.06117359687499997 0.031323292187500004
0 0.7359002671875 0.4501020890625 0.058346546875 0.06903426562499995
0 0.5072786726562499 0.22093021328124998 0.08010363281249999 0.02789189218749999
0 0.79266068828125 0.2471667171875 0.051077651562500034 0.04434313750000003
0 0.9278570203125 0.29037628359375 0.06730699999999992 0.03785808906249999
0 0.91956635234375 0.06390961171875001 0.03506800468750004 0.0468928765625
0 0.9614793765625 0.0240488 0.027809803124999987 0.019891321875
7 0.5330635078125 0.61659724765625 0.03359711562500003 0.025907532812500023
7 0.73330996875 0.7494529226562501 0.05645567187499996 0.04022481093749999
1 0.7946137828125 0.33395169375 0.008681450000000002 0.006357224999999999
1 0.543778678125 0.21762991328124998 0.007103621874999977 0.01275007656249998
4 0.8347754515625001 0.31118009140625 0.09308400312500006 0.04661877031249997
6 0.8924647960937498 0.22180269218749998 0.1836335734375 0.09481074375000001
6 0.90625251953125 0.013608871093749999 0.028540870312500032 0.0203492703125
6 0.7660617695312499 0.63437887734375 0.016943898437499973 0.015096682812500007
3 0.6853802140624999 0.85559416015625 0.017559275000000076 0.022161232812500133