4 0.5071486929687501 0.52466298984375 0.07312091406250003 0.09160539218750001
6 0.41666666640625005 0.56908701015625 0.05718954218749994 0.04319852968750002
3 0.4068627453125 0.5401348039062499 0.011437909374999933 0.016544117187499995
3 0.41584967343749996 0.5211397054687501 0.016339868749999997 0.017769607812499987
3 0.43627451015625 0.518382353125 0.024509804687500036 0.011029412500000025
3 0.43627451015625 0.49203431406250003 0.006535948437499961 0.01715686249999999
3 0.45915032734374994 0.5085784312499999 0.013071895312500015 0.009803921875000033
3 0.4562908500000001 0.47150735234374996 0.015522875000000002 0.017769607812499987
3 0.46568627500000004 0.49662990234375004 0.009803921875000033 0.010416667187500029
3 0.46446078437500005 0.49540441171875005 0.015522875000000002 0.007965685937500045
3 0.46200980390624996 0.48927696093749995 0.022058823437499965 0.00796568750000004
3 0.44566993515625003 0.49080882343750004 0.005718954687500055 0.02328431249999996
3 0.4084967320312501 0.5536151960937501 0.014705882812500005 0.007965685937500045
3 0.41544117656249996 0.5566789210937501 0.015522875000000002 0.009191176562500037
3 0.43872548984375 0.5542279406249999 0.011437907812499936 0.004289215625000065
3 0.17401960781249998 0.60569852890625 0.006535946874999987 0.007965685937499956
3 0.5723039210937501 0.066789215625 0.005718954687500055 0.011029412500000002