7 0.9646561945312498 0.8009427898437501 0.017656223437499997 0.014236104687500006
7 0.9448398179687499 0.7858686742187501 0.05820597343750009 0.022327117187500002
7 0.8670633656250001 0.7603239984375 0.040128618750000025 0.02991410312499996
7 0.8300363421875 0.7418265570312499 0.06773894062499997 0.06298964218750003
7 0.66455644296875 0.60673754765625 0.04899811093749999 0.03138913906249998
7 0.63364816015625 0.54102855078125 0.06592200156250003 0.06298445468749998
7 0.59232079140625 0.572737515625 0.11386818281249997 0.050134725000000026
7 0.65333888359375 0.5613808875 0.07436341093749999 0.028927990625
7 0.4585205421875 0.5453495945312501 0.09314461250000008 0.06530441718749999
7 0.4402831921875 0.6214254632812499 0.08633259999999998 0.03919477656249999
7 0.43653275390625 0.66370443203125 0.0688565921875 0.05958242968750005
7 0.32970630624999997 0.6316036281249999 0.15224939062499998 0.10742995625000003
7 0.2037245640625 0.42507799609374997 0.12757806875000002 0.08326879218749994
7 0.21242925625 0.48880128359375 0.08281303124999999 0.04740330781250002
7 0.27746492656250005 0.36646807421874994 0.080230290625 0.07022152656249996
7 0.49487762421875 0.31803942578125 0.13520667968750005 0.09448855781250001
7 0.5016364937500001 0.40956062812500005 0.18338228125000003 0.166787725
7 0.54473361953125 0.511745684375 0.04828760781249999 0.06059175937500001
7 0.60885481171875 0.4710876671875 0.05824710468749998 0.04892267187500003
6 0.5138009453125 0.5587452765625001 0.04523349687499998 0.035048134375000026
7 0.36408254609375 0.34369241796875 0.11696416718750005 0.0964676171875
7 0.36365856874999997 0.37264066015625 0.107423040625 0.06339253281250005
7 0.49173098906250007 0.23327575937500003 0.12151543125000001 0.05959881250000003
7 0.40802687734375 0.4091694265625 0.07797855156249996 0.07047376562499999
7 0.45635035078125 0.41512080781250005 0.07668317031250008 0.07491652499999998
7 0.33015958203125 0.43892946093749996 0.11883110156249996 0.05478757187500003
7 0.14095870625 0.3534873453125 0.06899775312499998 0.05805660312500001
7 0.20474708515625 0.2620276390625 0.06774865781249999 0.04194002187499999
7 0.2398597390625 0.23514775781250002 0.06974783125000003 0.06265993437500002
7 0.3857449390625 0.27095185078124995 0.15752307812500002 0.09558136093749998
0 0.1750480375 0.53475968828125 0.05344858749999999 0.0714163703125
7 0.2539757828125 0.56482226328125 0.08164608749999998 0.032768223437499966
7 0.25583816015625 0.71581228828125 0.0487515578125 0.01999595781250001
7 0.1137841265625 0.13185269140625 0.037161168749999994 0.028170901562500017
7 0.48719561406250006 0.392804434375 0.045823681250000005 0.044178609375000025
7 0.344632221875 0.49966650156250003 0.030881831250000012 0.021414187500000015
7 0.30367623125 0.47383085390624996 0.02795695937499998 0.027649670312500076
7 0.27100997109375 0.44545959765625 0.026992485937500012 0.029318410937500074