3 0.8517751804687499 0.5862625265625 0.01289611718749999 0.027116843750000008
3 0.81212933046875 0.6106150140625 0.011542467187500094 0.017150646874999963
3 0.74323845703125 0.55157831484375 0.014711098437499981 0.011502642187500012
3 0.7102190687500001 0.546626146875 0.014988599999999953 0.02553255937499994
3 0.648029084375 0.44062182265624994 0.01742485624999999 0.029865398437500003
4 0.58486517421875 0.45622527890625 0.05168192343750002 0.09756493593749997
4 0.5898504859375 0.41279244921874997 0.045732540625000075 0.028858239062500023
3 0.5357560031249999 0.49261496953124995 0.020145078125000014 0.012575132812500023
3 0.38691559531249997 0.37561885546875 0.010376046875 0.044738720312499994
3 0.33278992578125 0.44642353671875 0.022698895312500023 0.06892797968749997
3 0.25841339375 0.12531247578125 0.02999669062499999 0.0424568640625
3 0.5398377515625 0.6959834468749999 0.01663267187500006 0.02071668437499996
3 0.5895638828124999 0.7162202085937499 0.011789393749999988 0.028778264062499927
6 0.42361259453125 0.519926234375 0.01299880781249998 0.04205433749999994
6 0.48703256562499997 0.48156437968749993 0.013159971875000042 0.044174024999999964
4 0.292911209375 0.41220243593749994 0.08044508750000001 0.13360815312500002
3 0.23190944765625005 0.29412292109375004 0.027301198437500007 0.0944278734375
6 0.07589882421875001 0.059277320312500006 0.01932037031249999 0.06937781875
6 0.33647981171875 0.37061600390625 0.025413989062499986 0.0281842765625
6 0.061712798437499994 0.33171450625 0.024431400000000002 0.03509285937499999
6 0.37562518046875 0.441675521875 0.014902839062500029 0.03623742187499994
6 0.8706822195312501 0.64774625859375 0.0035786765624999718 0.02431254843750006