7 0.76899509765625 0.6254595585937499 0.13766339843750003 0.13143382343749996
7 0.8047385625000001 0.56678921640625 0.06454248437500007 0.053308823437499965
7 0.24264705937500003 0.6119791671874999 0.05392156875 0.032781862499999995
7 0.2900326796875 0.730851715625 0.05310457500000001 0.030943628125
7 0.022671568750000003 0.271446078125 0.045343137500000005 0.023897059374999995
6 0.26491013125 0.8861825984374999 0.05269607812499997 0.06648284375000006
0 0.2916666671875 0.5625 0.08169934687500002 0.151348040625
6 0.25837418359375 0.45618872499999996 0.06658496718749998 0.035539215624999974
6 0.25183823515625 0.432444853125 0.03472222343749998 0.013786765625000008
6 0.6958741828124999 0.16789215625 0.04207516250000003 0.018382353124999983
6 0.09517973828125 0.5605085789062499 0.03839869218749999 0.02052696093750006
6 0.126225490625 0.5669424015625 0.025326796875000012 0.015625
6 0.62888071875 0.762101715625 0.015931371875 0.02971813750000001
6 0.7986111109375 0.4546568625 0.06862745000000006 0.028186275000000018
6 0.19321895390625002 0.18060661796875 0.04738562031250002 0.011948529687499997
6 0.5353349671875 0.199601715625 0.09027777812500001 0.01562500000000002
6 0.5720996734374999 0.14905024453125 0.009395425000000035 0.003370098437500002
6 0.09865196093749999 0.40134803906250005 0.020016340625000007 0.009803921874999988
6 0.73508986875 0.87591911796875 0.01756535937500008 0.08455882343750006
6 0.58231209140625 0.78722426484375 0.023284314062499957 0.025428920312499947
6 0.38684640546875004 0.79442401953125 0.06454248281250004 0.0453431359375001
9 0.7685866015625 0.5395220593750001 0.051879084374999974 0.04105392187500003
4 0.0388071890625 0.19010416640625 0.03676470625 0.021752451562500007
1 0.280841503125 0.6334252453125 0.020833334374999967 0.009497550000000032