6 0.44340353749999994 0.47197435234374996 0.14015845937499996 0.4205235640625
6 0.42826326562499994 0.3946110265625 0.07455645312499999 0.12147800312499997
6 0.33594352734375 0.44398460078125 0.15008742656250001 0.3527612671875
7 0.15298883359374998 0.712428784375 0.2244476046875 0.334690678125
7 0.25977854218749996 0.6591854109374999 0.08357120625000003 0.203343628125
7 0.162427234375 0.5957731125 0.29012389375000003 0.513078990625
7 0.45489235390625 0.16776341874999998 0.09910978593750004 0.22681338750000002
7 0.47284266796874996 0.1123140078125 0.06662582031250004 0.057152709375
7 0.39541020546874994 0.057681119531250005 0.09755807656250001 0.11536223906250001
7 0.24566467890625 0.36497826093749997 0.09030168593750001 0.13601657187499994
0 0.3350607640625 0.15149831875 0.15662079375000001 0.23497828437499998