9 0.540865384375 0.23930288515624998 0.13173076874999995 0.03004807656249997
9 0.46875 0.120552884375 0.12532051249999993 0.008413462499999991
9 0.39871794921875 0.1300480765625 0.055128204687499995 0.147115384375
9 0.7376602562500001 0.5451923078125 0.04711538437499998 0.16634615312499995
9 0.3794871796875 0.38365384609375 0.06794871875 0.1245192296875
9 0.16490384609375 0.27620192265625 0.07019230781250001 0.11105769218749999
9 0.43060897421875 0.7671875 0.11762820468749999 0.031971153125000026
9 0.42852564062500004 0.5727163460937501 0.07243589687500003 0.09975961406250003
9 0.21137820546875 0.271875 0.008653845312499974 0.06009615312500003
9 0.17852564140625 0.5037259609375 0.05833333281250001 0.046875
9 0.0982371796875 0.6454326921875 0.095833334375 0.03317307812500001
9 0.39919871796875 0.5248798070312499 0.07852564218750002 0.023317307812499966
9 0.35705128203125 0.7983173078125001 0.007051282812500004 0.06201923124999995
9 0.35689102578125 0.6649038460937501 0.007371795312500007 0.017788460937499993
9 0.31410256406250003 0.8370192304687499 0.09615384687500002 0.08269230781250006
9 0.39775641015624996 0.8389423078124999 0.03846153906250005 0.06057692187499999
9 0.053205128125 0.6393028843749999 0.08141025625000001 0.05552884687499997
9 0.128205128125 0.584375 0.04294871874999999 0.00817307812500001
9 0.07163461484375 0.648197115625 0.09198717968749999 0.013221153125000029
9 0.13541666718749998 0.6546875 0.015705128125000002 0.0055288468749999705
9 0.40336538437499997 0.577884615625 0.015064103124999973 0.02884615312500003
9 0.19246794843749998 0.29447115390625 0.0125 0.02067307656249997
9 0.34391025625 0.43882211484375 0.060256409374999986 0.004567307812499965
9 0.1331730765625 0.7679086539062501 0.0125 0.018028845312499975
7 0.21522435859374997 0.2387019234375 0.0445512828125 0.08413461562499999
7 0.24118589687499997 0.4658653843750001 0.06891025625 0.0884615375
6 0.21794871796874998 0.4078125 0.05448717968750001 0.06706730625000001
7 0.23060897421874998 0.295552884375 0.017628204687499992 0.018990384375000023
7 0.3559294875 0.31971153828125 0.03108974375 0.0947115390625
7 0.15448717890625 0.9811298078124999 0.035897435937500013 0.03725961562499993
6 0.190224359375 0.9770432695312501 0.015705128125000002 0.013701923437499985
7 0.340064103125 0.51670673125 0.07820512812499998 0.028125
7 0.21682692265624998 0.4144230765625 0.05801282031250001 0.06634615312500003
7 0.12467948749999999 0.74350961484375 0.046153846875000015 0.016826923437499985
3 0.6863782046875 0.40576923046874996 0.01891025624999996 0.02067307656249997
6 0.74150641015625 0.6085336539062499 0.020192307812500053 0.012259614062500025
6 0.78092948671875 0.47451923125000006 0.09903846093749999 0.06201923124999995