0 0.74533420234375 0.60532030234375 0.04159325468750001 0.05868161406250003
6 0.7814990953125001 0.35354771171875 0.017923356250000032 0.010156954687499997
0 0.5932979429687499 0.35149154921875 0.032514979687500035 0.013326695312500015
4 0.61547388828125 0.41333436796875 0.03294972656250002 0.02366835468749997
0 0.0938726421875 0.4249293265625 0.02142898125 0.025072006249999924
1 0.10067838046875 0.43414251015625 0.005762348437499998 0.007500854687499991
0 0.10401997734374999 0.52448863203125 0.0535250296875 0.020145645312500005
6 0.5291789437500001 0.5733435859375 0.03321452812499999 0.03609239374999999
7 0.4575763828125 0.9026846390625 0.15861083125 0.14475797187499992
6 0.40899955703124996 0.8309834265625 0.0374829390625 0.056676412499999884
6 0.9023858406249999 0.8580620124999999 0.021219512499999916 0.031105956250000056
6 0.6859776906249999 0.3724608078125 0.02483185000000008 0.00754007187500001