0 0.5823689125 0.6965649054687499 0.18875346874999996 0.15074532343750002
1 0.50464922265625 0.7575175765625 0.03395117031249999 0.027944018749999966
3 0.57086046796875 0.7653813484375 0.021093610937499997 0.02513150312499999
3 0.59278802421875 0.7678233156250001 0.01055250781249999 0.018328696875000005
6 0.57201469609375 0.311774596875 0.06716120468749995 0.06550418750000002
2 0.46710051953125 0.18162379843749998 0.10884442031249994 0.076565478125
8 0.49580162890625 0.15444538749999998 0.023560845312499978 0.012250368749999985
3 0.438107496875 0.0525403640625 0.013755371875000044 0.01568235
3 0.48306896953125006 0.02029175078125 0.022883179687500022 0.008513145312500001
3 0.534113896875 0.19771856953125 0.024811884374999947 0.008905960937500002
3 0.4859179390625 0.17560853125 0.03259017812499998 0.010201553125000018
6 0.50879860390625 0.07618394140625 0.036835498437500024 0.0187336421875
3 0.5178713117187501 0.09670153359375 0.02736602968749997 0.008939195312499992