4 0.667580271875 0.13779719140625 0.018643871875000072 0.025185626562499987
4 0.6230659890625001 0.71640653359375 0.020324209375000013 0.02603633593750008
7 0.07409973359375 0.6401349648437501 0.08395598906249999 0.1112583703125
6 0.0356300875 0.59625811484375 0.035138053125 0.0640657703125
3 0.22772057109375005 0.72645776328125 0.007393817187500007 0.013425792187500018
3 0.214557984375 0.71000502890625 0.0029036437499999844 0.014751310937500062
3 0.20672390468749996 0.7094275773437501 0.004293618750000006 0.014616945312500018
3 0.20254742499999998 0.7064451609375 0.0032238875 0.01022823749999997
3 0.20021716562499997 0.6770723742187499 0.005872806249999996 0.01502003906249998
3 0.26882812031250003 0.6859463437500001 0.008678965625000012 0.012369003125000066
3 0.30821681015625 0.6777455984375 0.010767601562499961 0.015799037500000068
3 0.35758876484375 0.77665980546875 0.009677423437500022 0.01210933593749992
3 0.55522432421875 0.7493996562499999 0.01051287656250004 0.005338318750000059
3 0.30361316953125 0.6869932890625 0.00534448906249998 0.009574540624999983