4 0.45350103828125 0.5655117359374999 0.1859445953125 0.238150671875
5 0.59032988359375 0.43053167265625003 0.15537561406249994 0.12526445156249996
6 0.5237508921874999 0.84414452109375 0.04663187187500002 0.020462120312500075
6 0.86394571484375 0.7902934539062499 0.008962164062499944 0.016528089062499963
6 0.84090580390625 0.75962035078125 0.0121178578124999 0.0071693546874999296
6 0.85553056015625 0.63987056328125 0.010884192187500119 0.0058392421875000265
6 0.7378759734375 0.7159915531250001 0.01114394062500006 0.010067328124999974
6 0.48028314609375 0.7231821734375 0.012387704687500011 0.012482493749999967
6 0.5419044046874999 0.79340872578125 0.017843543750000013 0.012264020312500002
6 0.52903450625 0.8177469710937502 0.015601181250000007 0.008553682812499908
6 0.766774503125 0.946370696875 0.01284661249999992 0.011556475000000076
6 0.83342249453125 0.5600962765624999 0.01240509531249998 0.008679865625000005
6 0.09812152656249999 0.91903120859375 0.009579840625000002 0.012077354687500019
6 0.8873755453125 0.73427684765625 0.006639015624999978 0.007845092187499958
6 0.7251813929687501 0.7350171796874999 0.010331595312500053 0.00747384999999996
6 0.9555312 0.7309362195312501 0.011734128125000076 0.007537464062499932
6 0.92004607265625 0.7379048156250001 0.006467345312499972 0.006426868749999937