4 0.17994281015625 0.25689338203125 0.024918301562499988 0.017463235937499988
4 0.7310049015625 0.44347426484375 0.027369281250000023 0.01930147031249998
7 0.5357434640625 0.9594056375 0.10253268125000004 0.08057598124999998
6 0.4848856203125 0.9863664218749999 0.062908496875 0.026654412499999936
3 0.65441176484375 0.8324142156250002 0.013071895312500015 0.004289215624999976
3 0.63562091484375 0.84129901953125 0.014705882812500005 0.006127451562499964
3 0.6331699351562501 0.8486519609375 0.014705882812500005 0.007352940624999959
3 0.6294934640625 0.8517156867187499 0.010620915625000027 0.004901960937499972
3 0.6004901960937501 0.84712009765625 0.014705882812500005 0.009191176562499948
3 0.62418300625 0.78216911796875 0.011437909374999933 0.01041666718749994
3 0.624591503125 0.7417279414062501 0.01715686250000008 0.007965685937500045
3 0.731617646875 0.7181372546875 0.010620915625000027 0.011029412499999936
3 0.74795751640625 0.51868872578125 0.0040849671874999775 0.010416667187500029
3 0.2185457515625 0.9776348039062499 0.01715686249999999 0.0055147046874999715
3 0.6327614374999999 0.7484681375 0.008986928125000038 0.005514706249999968