2 0.5484068625 0.50811887265625 0.08946078437500002 0.08547794218749996
8 0.5130718953125 0.54227941171875 0.015522875000000002 0.012867648437500013
6 0.76491013125 0.5022977945312499 0.027369281250000023 0.0634191171875
3 0.0866013078125 0.87040441171875 0.017973856249999996 0.021446079687499876
3 0.14624182968750002 0.352022059375 0.00980392187500001 0.012867646875000017
3 0.16339869296875 0.42003676484375 0.011437907812500004 0.01041666718749994
3 0.15073529375 0.1528799015625 0.015522874999999981 0.0030637249999999837
3 0.17320261406249998 0.16819852890625 0.006535946874999987 0.009191176562499992
3 0.15890522890624997 0.187806371875 0.010620914062500009 0.00428921562500002
3 0.18504901953125 0.22212009765625 0.0073529421875 0.010416667187499984
3 0.12377451015625 0.30422794140625 0.01388888906250001 0.0079656859375
3 0.26552287578125 0.21660539218750002 0.01960784218749998 0.006740196875000004
3 0.25285947734374997 0.144914215625 0.0155228765625 0.006740196875000004
3 0.321486928125 0.1256127453125 0.012254903125000017 0.006127450000000012
3 0.3807189546875 0.09834558828125 0.017973856249999986 0.003063726562500002
3 0.33210784296874996 0.07935049062499999 0.010620914062499986 0.003063724999999995
3 0.36519607890625 0.04871323515625 0.013071895312500015 0.005514704687499999
3 0.3799019609375 0.089460784375 0.014705881250000007 0.006127450000000001
3 0.36560457578125 0.06403186250000001 0.01388888906250001 0.006740196875000004
3 0.37990196093749995 0.049632352343750005 0.011437909374999977 0.004901960937500005
3 0.49183006562500003 0.1498161765625 0.009803921875000033 0.01041666562500001
3 0.47344771249999995 0.12530637265625 0.013888887500000013 0.006740195312500008
3 0.47549019609375004 0.10477941171875 0.013071895312500015 0.006127451562500008
3 0.54575163359375 0.13602941171875 0.011437907812499936 0.008578432812499991
3 0.60702614375 0.19638480390625 0.011437909375000022 0.009191176562500014
3 0.65849673203125 0.5588235296875 0.017973854687499992 0.018382353124999983
3 0.78104575234375 0.51102941171875 0.013071895312499925 0.013480392187500013
3 0.57761437890625 0.5640318625 0.019607842187500068 0.011642156249999935
3 0.6919934640625 0.5245098039062499 0.013071896875000011 0.01225490156250002
3 0.6911764703125 0.5759803921875 0.011437909375000022 0.007352940624999959
3 0.5723039210937501 0.1256127453125 0.004084967187500066 0.008578431249999996
3 0.5698529414062501 0.13725490234374998 0.01225490156250002 0.006127451562500008
3 0.48978758125000005 0.13051470625 0.008986928125000038 0.007352940624999982
3 0.034722221875 0.25796568671875 0.015522874999999997 0.004901960937499972
3 0.15400326796875002 0.42984068593749997 0.013888889062499988 0.015318628125
3 0.108251634375 0.20404411796875 0.007352940625000004 0.006127451562500008
3 0.19730392187499998 0.26194852968750004 0.010620915625000005 0.00428921562500002