9 0.69075520859375 0.827880859375 0.31119791718749995 0.08837890625
1 0.5367838546875 0.9609375 0.041015625 0.0263671875
6 0.6901041671875 0.68896484375 0.0625 0.115234375
3 0.6943359375 0.690673828125 0.013671875 0.04052734375
6 0.5791015625 0.5595703125 0.06315104062499995 0.0400390625
7 0.498046875 0.39404296875 0.061197915624999946 0.04296875
6 0.3583984375 0.482421875 0.149088540625 0.10546875
6 0.14876302109375 0.531982421875 0.0735677078125 0.03759765625
3 0.20084635390625 0.418212890625 0.059244792187500006 0.04052734375
6 0.3216145828125 0.19140625 0.07421875 0.0380859375
6 0.70442708359375 0.505859375 0.05598958281249997 0.0244140625
3 0.69270833359375 0.901611328125 0.03645833281249997 0.02001953125
6 0.5823567703125 0.732666015625 0.068359375 0.03466796875
6 0.13541666640625 0.1357421875 0.014322917187500006 0.017578125