7 0.6900641023437499 0.853125 0.1365384609375 0.13990384687499996
7 0.5554487179687501 0.6189903851562499 0.07692307656249993 0.08557692343749998
7 0.5903846156249999 0.45516826874999994 0.06474359062500001 0.07235576875000005
7 0.3294871796875 0.2605769234375 0.06923076875 0.05288461562499998
7 0.27307692265625 0.20168269218749998 0.0801282046875 0.06826923125000002
7 0.035416666406250005 0.89290865390625 0.0669871796875 0.1362980765625
7 0.7203525640625 0.36754807734375 0.036217949999999985 0.04903846093749999
7 0.43044871796875006 0.26201923046875 0.050641026562500004 0.050961539062500005
5 0.9461538460937501 0.40456730781250005 0.03141025781250004 0.02548076875000005
6 0.9721153843749999 0.3516826921875 0.012820512499999914 0.01346153750000001
7 0.7016025640625 0.22451923046875 0.050641025000000006 0.04903846093749999
7 0.21185897421875 0.34182692265625 0.0621794859375 0.024038460937499995