0 0.4980033890625 0.3165563015625 0.05976514374999997 0.06794221249999999
0 0.3757513484375 0.45774713515624993 0.07426744999999997 0.11422281406249998
6 0.497050903125 0.42737570078125 0.011983062499999964 0.016154867187499988
6 0.4763992828125 0.46472058515625003 0.01701429062500006 0.030497960937499968
6 0.26478754374999997 0.45202951796874996 0.043041893750000025 0.05652870156250005
6 0.12199837499999999 0.50741621484375 0.03447939375 0.029885620312500017
6 0.2912279828125 0.3501771453125 0.012477628124999996 0.01258914687499999
6 0.39291212734375003 0.3622282375 0.008201848437500025 0.01205844062499999
6 0.435114184375 0.27047866875 0.01784629999999998 0.04301713124999997
6 0.4563431234375 0.37576017421875 0.01553621249999999 0.012046779687499986
6 0.4324723234375 0.44371189062499994 0.01785028749999995 0.015901178125000026
6 0.34773484765624996 0.441942928125 0.018400873437499986 0.01970844999999999
6 0.46234099296875 0.5267356617187501 0.01479037656249993 0.026493392187499954
6 0.510237465625 0.6401312640624999 0.051212253125000017 0.024739924999999996
6 0.64089161484375 0.66536051640625 0.015558089062500002 0.019685604687500025
6 0.3753096828125 0.5924513734375 0.021119353125000018 0.06234456875000003
6 0.33377336640625 0.535960853125 0.053049654687500024 0.05127900312499998
6 0.38524818671874994 0.67067451640625 0.0206917453125 0.01833552031250001
6 0.409561828125 0.5148944867187499 0.04272632187499999 0.024439585937500043
6 0.33592817578125 0.5813323703125001 0.01178781406249998 0.020215831250000083
6 0.29945722890625 0.5342232015625 0.02469437968749997 0.04376702187500001
6 0.2820567828125 0.5966880664062499 0.016190556249999988 0.010777367187499998
6 0.30890944609375 0.6022162156249999 0.015084070312500008 0.01894689999999999
6 0.31131981875000003 0.61769604140625 0.009520146875000001 0.026827757812499974
6 0.29028449375 0.62718019609375 0.011518653125 0.013257876562500038
6 0.4814437984375 0.58789269375 0.011621081250000031 0.01179260937500004
6 0.35675782265625 0.6018725835937501 0.014498010937500005 0.021439073437500067
6 0.47636805312499997 0.8293497765625 0.01776840625 0.014319768749999896
6 0.33257441640624996 0.60411569921875 0.012793198437499997 0.009149789062499991
6 0.31977922421875 0.60337092265625 0.004355004687499964 0.013638892187500052
6 0.3670835046875 0.7128368015625 0.017454162500000026 0.008295900000000068
6 0.33377239531249997 0.6228144999999999 0.011462634374999992 0.013569878125000035
6 0.39776174921875 0.5319195390625 0.007796114062499982 0.0064962625000000605
6 0.4129568859375 0.6062367609375 0.006081693749999939 0.010777368749999993
6 0.34394376953125 0.7200188101562499 0.013820464062500015 0.009830660937500024
6 0.24049184453125 0.734264771875 0.007828929687499996 0.021024031249999985
6 0.15302561640625 0.75312109296875 0.005697835937500018 0.01611988281250003
6 0.3781355 0.33908625859374997 0.010018700000000002 0.008861589062499986
6 0.34744054140624997 0.6178707328125 0.012015876562500027 0.008873731250000017
6 0.35714499999999993 0.629381215625 0.005223818749999998 0.012554156249999959
6 0.3440026 0.6895733296875 0.005935512499999973 0.017250787499999996
6 0.33243953046875 0.6995539210937499 0.007852135937499982 0.009542464062500056
6 0.35123131406249997 0.42777333046875 0.01336964687500002 0.010638860937500017
6 0.33192666484375 0.46887979843750005 0.0070406703125000195 0.00808885625000002
6 0.7002912515625 0.5001893914062501 0.026582174999999975 0.016697235937500034
6 0.2824035828125 0.85656182421875 0.018041553125 0.010373985937499875
6 0.1495887984375 0.68718771484375 0.012987121874999997 0.0167200796875
6 0.40007030468749993 0.35582431249999996 0.008890337500000012 0.0052040093750000075
6 0.14721211015625 0.200643684375 0.011055573437500011 0.014354274999999994
6 0.13576521953125 0.20267440546874999 0.013324567187500014 0.014123426562499986
6 0.13897412421875 0.18572955078125003 0.02231600468749999 0.017827179687500007
6 0.12207187421875001 0.177455296875 0.011936654687500003 0.009219759375000015
6 0.3663388953125 0.9492692015624999 0.020286012499999995 0.010050324999999916