2 0.5252871781249999 0.56582784921875 0.08439940937500001 0.09034166093750003
8 0.5577695617187499 0.529810628125 0.013162907812500003 0.015444368750000059
6 0.53855738515625 0.7827350531249999 0.06415410156249993 0.02745134687500004
3 0.8502334359375 0.09740432031249999 0.021517024999999988 0.018313784374999986
3 0.338171990625 0.16611393984374997 0.013029909375000015 0.010011710937499996
3 0.40738636015625007 0.18210160234375 0.010187035937499988 0.0112826296875
3 0.14000499375 0.17409778671875 0.0030963718750000035 0.015583473437499995
3 0.15730747734375 0.19630251796875 0.009297579687500002 0.006389129687500006
3 0.175701128125 0.18169363593750001 0.004330809375000011 0.010636471874999987
3 0.21183775859375 0.2072127046875 0.010719017187499968 0.007506109375000003
3 0.28878721484375003 0.14448703125 0.007078170312499976 0.013938040624999991
3 0.21292227578125003 0.28783035312500005 0.00532424531250002 0.019638206250000012
3 0.14030806171875 0.27640241171874996 0.007718160937499996 0.015508573437500006
3 0.12664823671874997 0.345414346875 0.005378248437499988 0.012281906250000007
3 0.10455328828125002 0.40512821875 0.0037073453124999876 0.01801417500000002
3 0.08188303359375 0.35685334765625 0.0030548609375000034 0.010647170312499999
3 0.053595340625 0.3904703296875 0.004833771875000004 0.013099271874999995
3 0.09538870390625001 0.4044820578125 0.007107185937500005 0.014701903125000016
3 0.0689028953125 0.39060080234375 0.006255212500000007 0.01391663906249998
3 0.055708756250000005 0.40517758359375 0.004887778124999997 0.011475239062499965
3 0.16481264296874998 0.5154019906249999 0.0105860203125 0.009647896874999961
3 0.13867806171875002 0.49743925078124995 0.007651660937499982 0.013863135937500016
3 0.11837673671875 0.49984648046875 0.0067082015625000045 0.013067170312499954
3 0.1552883671875 0.5695782671875 0.008819603125000009 0.011357534375
3 0.22065594921875 0.6298375015625 0.008632601562499963 0.01156084375000006
3 0.58606914375 0.6750130359375 0.017863684375000057 0.01826028124999999
3 0.54842120234375 0.798442009375 0.014505351562500036 0.012842462500000007
3 0.5847456390625 0.5940241546875 0.010611006249999999 0.019627506249999982
3 0.5546143492187501 0.70909755078125 0.011820457812499985 0.013259779687500028
3 0.60590276875 0.70740275078125 0.006866184374999929 0.011453839062499948
3 0.1470962609375 0.5963353 0.008819603125000009 0.004236640625000021
3 0.15853848984375 0.59368524296875 0.005511242187499987 0.012271204687499981
3 0.14530102656250002 0.51366888515625 0.008063140624999998 0.008916132812499988
3 0.23534407109375 0.056196562500000005 0.0037573171874999644 0.015487168750000002
3 0.41633069453125 0.1725360265625 0.015008317187499998 0.01406644374999999
3 0.1875300515625 0.1307119234375 0.005976728125000008 0.0074419062500000075
3 0.25251517109375 0.21878838359375 0.005074776562500017 0.010625770312499982