9 0.41139312265624994 0.23509526953125004 0.1338152671875 0.01367174843750001
9 0.45499122812500004 0.10197905234375 0.12298043750000005 0.0320571578125
9 0.52495958671875 0.09229494765625 0.08742672031250001 0.1306694546875
9 0.29038535703125 0.5807189078125 0.08317667343749999 0.152082584375
9 0.60572730859375 0.33336686562500006 0.04722608906249999 0.13545935625000002
9 0.785266565625 0.17531939140625 0.045937100000000085 0.12477831093749998
9 0.64040535234375 0.7171351218750001 0.12083074531250002 0.012186315624999989
9 0.5980892125 0.52869374453125 0.04893182499999993 0.11204924218750004
9 0.7398593515625 0.18192600859375 0.017440018750000074 0.058997623437499994
9 0.8253146179687499 0.39952713515625005 0.06618913281250008 0.03231706406250003
9 0.9367239921875001 0.5163736882812501 0.08662120624999989 0.05511792656249996
9 0.61523806484375 0.47478314296874996 0.07210444843749997 0.03920957343750002
9 0.719485628125 0.7292315031250001 0.020746703125000023 0.06153663437499999
9 0.68896653984375 0.6001417757812499 0.011278442187500026 0.015358957812500051
9 0.7701775695312499 0.75594312578125 0.0767855359375 0.10161319218750009
9 0.689210565625 0.7790905078125 0.025089999999999966 0.06508454687500001
9 0.9721035312499999 0.50207983203125 0.05579293750000005 0.06553674531249998
9 0.893360346875 0.46412814999999996 0.041136931249999974 0.01705790937499998
9 0.9597570445312499 0.51270347109375 0.08048591093750002 0.03402936093749993
9 0.9016736406250001 0.5339887257812499 0.015008674999999982 0.009091542187500056
9 0.6225814734374999 0.5276466265625 0.010163300000000052 0.03175475312499998
9 0.763356028125 0.19898364296874999 0.007785684375000023 0.02172717343749999
9 0.64928232109375 0.37801048125000003 0.05936893906250003 0.01833719375
9 0.9305018023437499 0.64330891171875 0.008617457812500007 0.0180678140625
7 0.7278399765625 0.15586176015625003 0.045779531250000005 0.0839949703125
7 0.7564978250000001 0.38285655390624995 0.07385642499999996 0.09259906718750002
6 0.7651581625 0.31143158046875 0.06123931249999996 0.0695829640625
7 0.72760913203125 0.21229854062499998 0.017788054687500044 0.019122665625
7 0.61016975625 0.26559174687500003 0.021192034375000012 0.09960501875000002
7 0.9578228718750001 0.8558692320312499 0.03141078749999995 0.03926388281249995
6 0.9240201796874998 0.8605175781250001 0.016783125000000076 0.013838500000000132
7 0.670891753125 0.4557202453125 0.07459942187500009 0.03517066562500002
7 0.76423658203125 0.31840236796875 0.050302101562499944 0.07067183906249999
7 0.9333621609375001 0.615293621875 0.046530021875000036 0.018400146875000002
3 0.308136725 0.43314106093750004 0.015244775000000033 0.023920662499999957
6 0.30169695 0.64237981171875 0.020429665624999992 0.013725782812499965
6 0.23238418984374998 0.52518873671875 0.0890753671875 0.06957459843749998