0 0.28513071874999996 0.225337009375 0.13643790937499997 0.112438725
3 0.46323529375000005 0.9463848039062501 0.02450980312499995 0.017769607812500077
3 0.20751633984374998 0.62745098046875 0.006535948437500006 0.013480392187500013
3 0.21200980390625 0.6158088234375001 0.020424835937499976 0.011029412500000025
3 0.21323529453125004 0.65226715703125 0.006535948437500006 0.010416667187500029
3 0.20588235312499997 0.65257352890625 0.008169934374999998 0.01225490156250002
3 0.01266339921875 0.7754289218749999 0.0220588234375 0.012867646875000017
3 0.062091503125 0.4558823531250001 0.011437909375 0.012254903125000017
3 0.062091503125 0.42677696093749995 0.006535946874999999 0.012867646875000017
3 0.05269607890625 0.3927696078125 0.012254901562499998 0.009803921874999988
3 0.06209150390625 0.41636029453124995 0.004901960937499994 0.009191176562500037
3 0.43872548984375 0.13204656796875 0.006535948437499961 0.009191176562499992
3 0.46037581718750004 0.1213235296875 0.010620915625000027 0.007352940625000004
3 0.48978758203124995 0.23560048984374998 0.022058823437499965 0.006740195312500008
3 0.7544934640625 0.4390318625 0.008986928125000038 0.011642156249999935
3 0.7990196078125 0.8189338234375001 0.021241831250000055 0.016544118749999902
3 0.02941176484375 0.534007353125 0.0196078421875 0.00674019687499996
3 0.27573529453125 0.575061275 0.004084967187500022 0.012867646875000017