4 0.14575565703124999 0.28631787578125 0.24831118281250003 0.21386074531250002
4 0.211216134375 0.39296427265625 0.298475784375 0.19450935781250003
0 0.498099815625 0.2405951203125 0.5141332437499999 0.2196219375
5 0.6190367953125 0.30198987187500004 0.1576222562500001 0.21994580937500002
5 0.5155649203125 0.411003984375 0.21085064999999997 0.138306084375
4 0.83460810859375 0.33027660390625 0.3307837828125 0.27513564218750003
4 0.80795031875 0.5835321359375 0.38409936250000004 0.23297144687500007
2 0.47106875859374997 0.78076106484375 0.3842032265625 0.2824221234374999
6 0.51587199609375 0.41316294062500003 0.21170183593749997 0.14287615625
6 0.30798965 0.3751768015625 0.14308224062500002 0.11744743124999997
9 0.59426723515625 0.3156678171875 0.27169722656249995 0.09294028750000001