4 0.46015211640625003 0.586185515625 0.1861772484375 0.230902778125
5 0.59788359765625 0.46019345234375 0.15542327968749997 0.12425595156249995
6 0.5147156078124999 0.86743551640625 0.046626984375000013 0.02306547656249993
6 0.85565476171875 0.845362103125 0.008928570312500028 0.016617062499999946
6 0.834325396875 0.8118799601562501 0.011904762500000032 0.007688492187499918
6 0.8536706351562501 0.693700396875 0.01091269843750009 0.005952381250000016
6 0.73346560859375 0.7590525796875001 0.011243385937499984 0.00917658750000001
6 0.47602513281250003 0.7425595234375 0.012235450000000014 0.012896824999999978
6 0.53472222265625 0.81808035703125 0.017857142187499963 0.012152776562500023
6 0.5209986765625 0.84114583359375 0.015542328125000004 0.007688492187499918
6 0.752810846875 0.9919394843749998 0.012896824999999978 0.012152778125000019
6 0.8349867718749999 0.61185515859375 0.012566137499999996 0.008432539062499966
6 0.0873015875 0.90265376953125 0.009920634374999992 0.01165674531250005
6 0.8816137562499999 0.7911706351562501 0.00661375624999998 0.00744047656250002
6 0.71990740703125 0.77703373046875 0.01058201093750002 0.006944445312500047
6 0.94973545 0.7941468257812501 0.011904762500000032 0.00744047656250002
6 0.9140211640625001 0.7979910718750001 0.006613756250000158 0.006696428124999887