7 0.452139915625 0.36167631640625003 0.30244884375 0.22379318906249995
7 0.41827008515625 0.3152605625 0.10189830468750002 0.11019539687500002
7 0.51522825234375 0.6926365265625 0.2397338484375 0.14255045625000004
7 0.45634511015624996 0.725598475 0.08863533906249996 0.06421065312499996
7 0.52239933828125 0.65526751484375 0.08735448593750003 0.061704176562500025
7 0.5747566953125001 0.66785821875 0.06647686249999998 0.04221231562500005
5 0.46067733906249997 0.41916301875000006 0.14312225624999994 0.11189135937499999
7 0.1779795375 0.5599082624999999 0.11711195625000001 0.06894164062499994
7 0.14238104843750002 0.70694470703125 0.054670675 0.01600190156250001
7 0.8758474312500001 0.18892269921875 0.07476709687500005 0.07186965468749999
6 0.4156538109375 0.53469055546875 0.05955200937500003 0.02864444531250001
6 0.7170888859375 0.5288955039062501 0.151329403125 0.016036464062500054
6 0.5593871765625 0.3556212296875 0.03442692812499999 0.04032909375