0 0.8996101124999999 0.8679194242187499 0.0855632281250001 0.03727327343750009
1 0.86272192109375 0.8690420156249999 0.011624626562499962 0.01515319687500014
1 0.7672131390624999 0.36534772421875 0.01581831874999997 0.022547342187499986
5 0.7931743296875 0.1857015375 0.059945809374999916 0.10261059999999997
7 0.8829877164062501 0.29215890078125 0.09347678593750004 0.12409361406250001
7 0.75740544765625 0.30060234453124995 0.05457428906250002 0.07106542031249999
7 0.20599392109374998 0.8960281265625 0.1363179921875 0.10546622499999998
9 0.06319306875 0.9120661046875 0.004368209374999999 0.10917723750000015
6 0.0934293828125 0.8274573890625 0.08854198437500001 0.09465542187500012
7 0.051577355468749995 0.28398090390624997 0.10315471093749999 0.13450186093750002
6 0.20950165234375 0.37014918671875 0.03146413906250001 0.03786984531250002
7 0.05733722578125 0.0744069046875 0.0306044890625 0.027760249999999997
6 0.48812805390624997 0.20441638515625 0.08771956718750004 0.2510114109375
7 0.6040233335937499 0.84445400546875 0.07224358593750005 0.060050501562500004