7 0.21891712812499997 0.53530048515625 0.24802554999999998 0.3344154359375
0 0.16114588828125 0.58302919609375 0.03488170156249999 0.03760874843750006
0 0.102838909375 0.61935226953125 0.03581720937499999 0.03811612968749998
0 0.10221133281249999 0.6492744359374999 0.036824775 0.04996316562500001
7 0.13624226640624998 0.59643843125 0.0427635171875 0.058626581250000066
6 0.666426171875 0.61519770703125 0.07450795937499999 0.1132277796875
6 0.66012911328125 0.79972171171875 0.0700170359375 0.09550812343750001
6 0.6180824914062499 0.743153878125 0.06293173281250004 0.04467822812500009
6 0.73465869921875 0.98746387265625 0.022436985937499987 0.012912689062499894
6 0.71402742890625 0.7695737171875001 0.028059189062500066 0.018518853124999967
1 0.6449310796875001 0.9030559359375001 0.009540768749999984 0.010337659375000108
1 0.6696758875000001 0.921708309375 0.011211900000000075 0.008540731249999923
1 0.4042734828125 0.87550629453125 0.010375831250000012 0.009242589062499995
1 0.3405255828125 0.6861998046875 0.011797359374999993 0.010227746875000054
1 0.40753012265625 0.7017976296875 0.010912576562500043 0.011690678124999998
1 0.53966108671875 0.7301308890625 0.011697920312500009 0.011572250000000039