4 0.57332516328125 0.33394607890624994 0.10089869218750006 0.0545343140625
6 0.4064542484375 0.91253063671875 0.07271241874999998 0.05912990156250011
6 0.4046160125 0.94087009765625 0.043709149999999974 0.024509804687500036
6 0.59150326796875 0.70006127421875 0.026143792187500025 0.02022058906249997
3 0.5539215687500001 0.83915441171875 0.02614379062499994 0.014093135937499923
3 0.62867647109375 0.7889093140625001 0.01388888906250001 0.020220587499999977
3 0.86437908515625 0.6795343132812499 0.022875817187500046 0.014705882812500005
3 0.9424019609375002 0.65962009765625 0.026960784375000026 0.017769607812499987
3 0.10743463984374998 0.5082720585937499 0.022058823437499996 0.016544117187499995
3 0.01429738515625 0.4883578437500001 0.022058823437500003 0.009803921875000033
3 0.248774509375 0.35753676484375 0.007352940625000004 0.017769607812499987