7 0.48406862734375 0.640625 0.30555555468750006 0.2334558812499999
7 0.45792483671874995 0.692248775 0.09967320156249997 0.11672794062499996
7 0.49468954218750005 0.30606617578125006 0.24183006562499995 0.1341911765625
7 0.43484477109375 0.27890119531249996 0.0935457515625 0.05841513437499999
7 0.5079656859374999 0.34114583359375 0.09109477187499992 0.06035539218750001
7 0.5584150328125 0.31357230390625 0.06862744999999996 0.04074754843749999
5 0.48427287578125 0.58195465703125 0.14583333281250005 0.1081495109375
7 0.18525326796875002 0.49249387265625 0.10661764843750002 0.08609068593749995
7 0.12847222187500001 0.35600490156250003 0.055147059374999995 0.009803921874999988
7 0.9276960781250001 0.7357536765624999 0.06454248437499999 0.08118872500000007
6 0.4232026140625 0.47671568593749997 0.062091503125 0.02144607812499997
6 0.72058823515625 0.42738970624999995 0.14869281093750003 0.04105392187500003
6 0.590277778125 0.6266850492187499 0.036764706249999966 0.037683823437499965