7 0.2990196078125 0.09129901953125 0.4575163406250001 0.1813725484375
7 0.2416258171875 0.15533088281250002 0.301879084375 0.18321078437500002
7 0.41830065390625004 0.38771446093749995 0.6919934640625 0.44577205937500003
7 0.11825980390624999 0.25689338203125 0.23651960781249998 0.1908700984375
7 0.1209150328125 0.68719362734375 0.241830065625 0.41237745156250005
7 0.762867646875 0.3259803921875 0.051879084374999974 0.02757352812499998
7 0.71364379140625 0.5646446078125 0.0931372546875 0.06678921562499998
7 0.7749183007812499 0.51317401953125 0.21568627343749994 0.1096813734375
6 0.20915032734375 0.6026348039062499 0.4142156859375 0.31985294218750004
6 0.93647875859375 0.5942095593750001 0.0927287578125 0.08241421562500006
6 0.8686683007812499 0.47901348046875 0.08619281093750004 0.05667892031249995
6 0.93995098046875 0.37867647109374997 0.07271241718749995 0.03615196093750002
6 0.451184640625 0.6026348039062499 0.09844771249999998 0.05024509843749998
6 0.4475081703125 0.6541053921875 0.13357843125 0.056985293750000034
6 0.370710784375 0.6266850492187499 0.04616013125 0.03645833281249997
8 0.7563316992187501 0.27374387265625 0.013480392187500013 0.005821079687499964
9 0.88766339921875 0.505821078125 0.013888889062500099 0.028799018750000016
9 0.40155228750000005 0.62285539140625 0.009803921874999988 0.017769607812499987
0 0.53451797421875 0.62193627421875 0.05923202656250002 0.13541666718750003
1 0.54146241875 0.68198529375 0.02655228750000003 0.015931371875