0 0.4875695226562501 0.58953431953125 0.17374297031249997 0.049621745312500035
3 0.50526755 0.4774816515625 0.02377485625000002 0.004560146875000015
3 0.56772503359375 0.5251002515625001 0.02409200468749999 0.007523124999999986
3 0.8289612601562499 0.36269085703125004 0.022089448437500003 0.006235751562500003
3 0.636943071875 0.3879783265625 0.011085796874999953 0.00921621874999996
3 0.25280288984375004 0.6263350812499999 0.03114311718749998 0.005205606250000017
3 0.5014633515625 0.786897696875 0.021123765624999978 0.012185009375
3 0.9498443546875001 0.3162086171875 0.011728853125000072 0.007311468749999994
3 0.9573380890625 0.1509066828125 0.011386515625000015 0.004532112500000007
3 0.9452370921875 0.18818838984375 0.015730678124999998 0.003221339062499995
3 0.7844019960937499 0.20093713046875 0.013383595312499974 0.004378939062499998
3 0.7960558265625 0.210239271875 0.011396371875 0.004176643749999975
3 0.4135361921875 0.28621551015625 0.017418278124999985 0.0035475921874999817
3 0.44190633437500004 0.27011751171875 0.017084703124999923 0.0055482171875000045
3 0.63069037734375 0.25619538046875 0.017077032812500014 0.006148054687499993
3 0.59276369765625 0.24669390156249998 0.010677742187499995 0.007635356250000003
3 0.48276808203125 0.261747815625 0.005716804687499977 0.006036956250000003
3 0.24971455156250003 0.32375694140625 0.01539381875000001 0.005508457812500023
3 0.052284506249999994 0.4451417359375 0.014083606249999997 0.008174400000000049
3 0.11723966953125001 0.46409500859374997 0.01103760468749999 0.0057083859375000046
3 0.36825816640625 0.6238157578125 0.01842777031249998 0.008971850000000003
3 0.49898084296875 0.6925262304687501 0.0197817921875 0.012789529687499978
6 0.7257978640625 0.323247271875 0.011385418750000032 0.005591475000000035
3 0.22513423984375 0.5229461921875 0.01342959531250001 0.008069162500000004
3 0.03985916171875 0.42351545 0.0057299484375000044 0.00726353125000001