0 0.45210791015625 0.45386991640624996 0.017038135937499987 0.0301661765625
0 0.49794726328125005 0.4260345859375 0.029125960937499952 0.025201287500000013
0 0.5083968289062499 0.43214699609374996 0.03180145468750002 0.02776433906250002
0 0.5642802671875 0.69986981484375 0.03823955000000003 0.009745035937500025
0 0.5853261046875 0.669661340625 0.011786868750000058 0.027592181250000004
0 0.5222631984375 0.6909782609375 0.014565637499999973 0.024148796875000045
0 0.42814744765625 0.195728259375 0.03516027031249998 0.03623828124999999
6 0.66410971796875 0.96864915078125 0.020931632812500035 0.006015507812499976
6 0.617788496875 0.9345647109375002 0.025910459375000007 0.021179743750000136
6 0.6336070796875 0.9458080296875 0.010126818750000054 0.011154428125000138
6 0.6471383632812501 0.94480131484375 0.016934860937500053 0.010680095312499915
6 0.664326753125 0.9430496007812501 0.025030346875000033 0.011129876562499951
6 0.6089400328125001 0.86137332265625 0.012226259375000038 0.00991320781249989
6 0.6436742828125 0.86688435234375 0.01801885937500005 0.010737482812499977
6 0.6095804296875 0.8379463046875 0.014597699999999936 0.01070331562499991
6 0.5844476953125 0.8239102359375 0.010601815624999933 0.006627043750000006
6 0.6125590976562499 0.8180474203125 0.008839820312500014 0.005656490624999932
6 0.5976860765625001 0.7836771078125 0.019271581249999947 0.01115575625000007
6 0.5708630015625 0.80060960078125 0.00890704375000002 0.006108929687500009
6 0.5583323132812501 0.6684227773437501 0.03495505156250003 0.015486429687500003
6 0.5731147671875 0.6541564992187501 0.031194228124999945 0.010689710937499975
6 0.5861169796875 0.6232091625 0.02401357500000003 0.009132709375000037
6 0.63199592734375 0.6422607046875 0.005689770312499931 0.006740487499999936
6 0.8064386179687499 0.74830898046875 0.02858595468750007 0.012342251562500017
6 0.73950798984375 0.43406631796874995 0.02005152343749996 0.015331864062499978
6 0.59851580390625 0.50327933125 0.01571420156250003 0.015558749999999932
6 0.62166027421875 0.73791602265625 0.011549148437500012 0.010003426562500018
6 0.433527325 0.285803040625 0.03783221875000002 0.022251468749999993
6 0.43839815 0.37788445 0.008196540624999926 0.006627046874999998
6 0.4854981328125 0.55078369296875 0.026149065624999947 0.021122360937499973
6 0.4830909375 0.38927072265625 0.04338754062499994 0.030378126562500007
6 0.5118979187500001 0.395363390625 0.0146992 0.011098371875000002
6 0.6101673398437499 0.50370722265625 0.014427645312500025 0.009188767187499992
6 0.59491254765625 0.53528130546875 0.004504714062499993 0.006627045312500001
6 0.45458306484375 0.47787177031250005 0.010602701562500006 0.01745475000000001
6 0.363335471875 0.17602327187500003 0.015479140624999976 0.012893203124999997
6 0.36740907031250003 0.1130923734375 0.02838162500000001 0.02786417499999999
6 0.44803039609374995 0.34749619609375 0.011076814062500074 0.013660092187500038
6 0.46328311953125 0.4402584140625 0.016562695312499986 0.007415824999999998
6 0.5288990453125 0.5263589109375 0.030109343750000052 0.020695796875000026
6 0.38664083359375 0.05833391015625 0.026894285937500005 0.016954539062500003
6 0.3597738796875 0.13333639453124999 0.01419214375000002 0.011289760937500004
6 0.455931596875 0.2857449890625 0.010090768749999946 0.023742796875000007
6 0.40832603671875 0.27256935703125 0.012022817187500045 0.012012870312500024
6 0.391844453125 0.0983224046875 0.010870709374999964 0.01666330937500001
6 0.38980573203124996 0.18145088281250002 0.030551395312500017 0.021859071875000004
6 0.39177922265625 0.11876262343749999 0.010804373437499981 0.007507378124999997
6 0.38078965390624997 0.1289758515625 0.006367767187499984 0.00797076562500001
6 0.47704584453125004 0.5355836835937501 0.012497814062500012 0.006029654687500052
6 0.42998331640625 0.24803312656249998 0.03163539218750007 0.019168971874999975
6 0.42610296718749996 0.2336963671875 0.020084468750000008 0.012487199999999987
6 0.40753878281250006 0.1999528046875 0.006739934375000001 0.008648762500000018
6 0.4148402921875 0.22804667890625 0.010228762499999978 0.008930373437500005
6 0.43905664375000003 0.2195087 0.028451953124999995 0.014420024999999993
6 0.37894484765625 0.1398145 0.009652264062499994 0.007678206249999997
6 0.42378633906249996 0.11934574375 0.009451037500000047 0.012949256249999985
6 0.3942090203125 0.045552821874999996 0.015276584374999968 0.013501537499999994
6 0.41309129687499996 0.04561235625 0.015106971875000052 0.016720696874999996
4 0.6272836359375 0.8865309828125 0.01876363750000003 0.011843368749999961
7 0.6170284265625 0.80786902109375 0.03559700000000001 0.018784864062499997
7 0.5264046828125 0.62532708671875 0.024759237499999996 0.01994946718749997
7 0.5646282749999999 0.49536380390625007 0.022796015625 0.016880579687499963
7 0.499848803125 0.466328578125 0.02838472812500008 0.021518743750000003
7 0.52670637578125 0.45744546328125 0.0352266078125 0.02685679531249994
7 0.50010565703125 0.49003720859375 0.03410611406250004 0.021611623437499984
7 0.43676506171875007 0.31064758203125004 0.04098404218750007 0.031224295312500018
7 0.5481014078124999 0.5087326671875 0.02773967812500002 0.020694468750000007
2 0.789546528125 0.68390168828125 0.028619790624999995 0.007640051562499917
2 0.79416736953125 0.80256441796875 0.013986926562500024 0.014451532812500023
2 0.853119228125 0.956320721875 0.019881468750000054 0.008480593750000053
2 0.9249402499999999 0.53087258359375 0.02116713749999999 0.02247835468749999
5 0.4735310859375 0.31842163828125003 0.008433818750000021 0.006547770312500001
5 0.45570348046875003 0.21875076093749998 0.008502814062499997 0.01351381250000001
9 0.4909728609375 0.5917775734374999 0.003423818750000063 0.0247584625
9 0.48324799140624997 0.5706210484375001 0.005659039062499982 0.02362935312500003
9 0.42789908828125 0.09983096875 0.006710976562500015 0.0396269375
9 0.566151740625 0.77273514375 0.014121815624999989 0.016247693750000014
1 0.422751096875 0.10201057499999999 0.00846765312500004 0.0069769906250000124
1 0.41204216796874993 0.1921283171875 0.006401601562499959 0.005012659374999995
1 0.40485907499999996 0.16971282421875 0.007620931249999963 0.006762379687499998
1 0.41098801484375 0.15827545468749998 0.0066722671875000476 0.006401490624999995
1 0.40041205390625 0.0862241203125 0.007214485937499937 0.0061527156250000044
1 0.398962759375 0.146682190625 0.005317603125000003 0.005972268750000009