6 0.20450367578125 0.5943627453125 0.056066176562500014 0.07271241874999994
9 0.17938112734375 0.6164215687500001 0.017463235937499988 0.007352940625000049
3 0.24770220625 0.580882353125 0.04381127500000002 0.06372549062499999
3 0.5791973039062499 0.90543300703125 0.03400735156249999 0.011846404687499933
3 0.61106004921875 0.8560049015625001 0.017463235937499988 0.019199346875000068
3 0.56541053984375 0.7681781046875 0.016237745312499996 0.009395424999999947
7 0.64154411796875 0.762867646875 0.01041666718749994 0.02491830000000004
6 0.5801164218749999 0.8631535953124999 0.0640318625 0.07107843125000013
3 0.90150122578125 0.8253676468750001 0.013174020312500012 0.029820262500000007
3 0.55836397109375 0.6825980390625 0.005208332812499971 0.016339868749999997
3 0.23651960781249998 0.735498365625 0.015318628125 0.015931371875
3 0.93305759765625 0.9934640523437501 0.016237745312499996 0.011437907812499936