6 0.526271753125 0.46677334375000007 0.09270414999999996 0.04160391562500001
6 0.79819277109375 0.16810993984375 0.13989290468749999 0.05308734843749998
9 0.48678045546875 0.48399849375000004 0.009036145312500032 0.01581325312499997
6 0.7687416328125 0.7180911140624999 0.08433735000000012 0.05666415625000001
6 0.4138219546875 0.86210466875 0.08467202187500003 0.014118974999999877
6 0.8042168671875001 0.88469503046875 0.02744310624999997 0.00696536093749991
3 0.9725568945312499 0.779085090625 0.025435073437500046 0.009224396875000008
3 0.828982596875 0.58264307265625 0.020080321874999994 0.01280120468749999
3 0.35609103046875 0.6850527109375 0.024765729687499995 0.006777109375000023
3 0.8527443109374999 0.5104480421875 0.02275769687500002 0.008471384374999946
3 0.7827978578125 0.47731551171875 0.01271753750000002 0.012236445312499988
3 0.026941097656250003 0.7294804218750001 0.0137215515625 0.014307228125000026