7 0.43728993046875003 0.77061479453125 0.1178680859375 0.14380058906249998
7 0.50115662734375 0.79506643828125 0.04672169843750007 0.06572506406250005
7 0.35022712578125 0.25174308203124995 0.023151832812499995 0.059329426562499996
7 0.24117748828125 0.32309587109375004 0.03323032343749999 0.049629720312500014
6 0.08538098828125 0.334391315625 0.05794337656250002 0.06082295312499997
0 0.40727431015625 0.2869220859375 0.15418009531249996 0.06672514062500001
6 0.50551208515625 0.234283846875 0.03691844843749994 0.06561336562500002
6 0.52840553984375 0.22179596562499998 0.016441998437499983 0.033556062499999983
6 0.8728261601562501 0.60060081640625 0.016020492187500145 0.04271012031249999
6 0.3735259546875 0.0972145328125 0.023158703125000013 0.03905002187499999
6 0.37266013515625 0.12697950625 0.01699942656250002 0.024697328125000008
6 0.27595853984375 0.6613409671875001 0.029332489062500012 0.010664481249999991
6 0.6127426007812501 0.76109937890625 0.03325101093749998 0.06694898593750001
6 0.76383297421875 0.11136548125000001 0.012510354687500058 0.04633044374999999
6 0.8114696671875 0.4500549875 0.013576203124999964 0.0902323375
6 0.8671246671875 0.4751943304687501 0.0028181718749999973 0.009317198437500007
6 0.52930107578125 0.065864284375 0.012821489062500024 0.017998737499999994
6 0.18436707812500003 0.78839022109375 0.08262810000000001 0.030116529687500025
6 0.244082809375 0.6221950968750001 0.02379617187500003 0.026826518749999993
6 0.19710041484375 0.42937914140625005 0.0519227234375 0.06402219218750002
9 0.52067552265625 0.7509759078125 0.049192848437499936 0.042536959375000016
1 0.33572057890625 0.293183675 0.011072632812500016 0.020369421874999995