4 0.56532952734375 0.328802053125 0.10115177343749995 0.053076346875
6 0.41566651953125 0.9129538929687498 0.0742333859375 0.05640421406250003
6 0.41457754687500004 0.9414033890625 0.04401219062499995 0.023375590624999987
6 0.59423789609375 0.6931978976562501 0.026159907812500015 0.019538907812500027
3 0.5608462218750001 0.8337580492187501 0.026097528125000036 0.014780210937500015
3 0.63412719609375 0.7803605234375001 0.014346614062499975 0.020037850000000024
3 0.86654397734375 0.66162769609375 0.023009101562499978 0.014194995312499969
3 0.94395595625 0.6385696796875 0.02671814999999995 0.018254118750000003
3 0.1049168421875 0.52135587734375 0.021729071875000006 0.01706288593750003
3 0.01124711640625 0.5052331750000001 0.0220498640625 0.010561006249999939
3 0.24183296328125 0.36500516328125 0.007848964062499996 0.01798801406249999