3 0.34772423046875 0.12622364453124998 0.026773760937499967 0.012989457812499983
3 0.32764390859375003 0.1659450296875 0.01807228906249998 0.011483434375000013
3 0.39390896953125 0.234375 0.012717535937500024 0.014683734374999969
3 0.40244310546874995 0.2673192765625 0.024431057812500035 0.015060240624999999
3 0.5153949125 0.32878388515625 0.028781793750000072 0.017507529687499978
4 0.5070281125 0.39194277109375 0.10040160624999998 0.05195783281249997
4 0.54936412265625 0.38667168671875 0.03313252968749998 0.04555722968750002
3 0.47473226171875 0.44117093359375004 0.011044176562499963 0.020143073437500013
3 0.60793172734375 0.589043675 0.045180723437499994 0.01054216874999998
3 0.542503346875 0.6435429218750001 0.07028112499999999 0.022402109374999934
3 0.87265729609375 0.7159262046875 0.040495314062500044 0.030120481249999997
3 0.27041499375 0.43825301250000004 0.022088353125000015 0.01656626562500003
3 0.24497991953125 0.38874246953125 0.029451139062499986 0.011671685937500032
6 0.45917001328125 0.55327560234375 0.04216867343749993 0.01317771093749993
6 0.49113119140625 0.48974021093750003 0.04384203593749998 0.013365962499999995
4 0.58283132578125 0.68298192734375 0.13888888906250002 0.08019578281249995
3 0.7063253015625 0.74331701796875 0.09337349374999997 0.027673192187499928
6 0.9578313250000001 0.89768448828125 0.07095046874999991 0.01901355468750001
6 0.6181392234375 0.6394013554687501 0.02610441874999996 0.025414157812500004
3 0.6944444445312501 0.983810240625 0.06358768281250002 0.032003012499999886
6 0.685742971875 0.9134977414062501 0.035475234374999956 0.02428463906249991
6 0.5426706828125 0.6007153609375 0.03514056249999999 0.015060240624999999
6 0.28413654609375005 0.10777484921875 0.024096385937499985 0.0035768078124999826
6 0.63972556875 0.9897402109375001 0.051874162499999966 0.018637046875000073