4 0.5855800656250001 0.512101715625 0.061683006249999915 0.050551471874999976
4 0.46772875859375 0.48039215703125004 0.06535947656249999 0.04289215781250002
2 0.4052287578125 0.48514093203125 0.03513071874999998 0.029105392187500013
2 0.42769607890624994 0.5110294125 0.0857843140625 0.026960784375000026
2 0.521766953125 0.49249387265625 0.04715236875000004 0.022365195312499964
2 0.47589869296875004 0.50229779375 0.03267973906250008 0.02236519687500005
2 0.50040849609375 0.4796262257812501 0.07598039218749993 0.02665441093750003
8 0.46609477187500004 0.514399509375 0.00898692812499995 0.004289215624999976
6 0.5032679734375 0.515625 0.08823529375000003 0.04901960937500007
6 0.43300653593750005 0.48406862734375 0.026960784375000026 0.03492647031249998
6 0.5555555554687499 0.479319853125 0.03431372656250007 0.005821078125000057
6 0.1368464046875 0.79718137265625 0.02777777812500002 0.014705882812500005
6 0.9520016343750001 0.46721813671875 0.09599673125 0.0459558828125
6 0.72896241796875 0.49019607812500005 0.04942810468749999 0.025735293749999943
6 0.7434640523437499 0.48897058828124995 0.0155228765625 0.012867648437500013