7 0.7808016562500001 0.8500477484375001 0.13521508125000006 0.13731265624999994
7 0.59039577890625 0.63344733046875 0.07514337031250004 0.08783717343749994
7 0.59438108671875 0.46775066328125003 0.06469576093749999 0.0767845515625
7 0.301361615625 0.306637184375 0.06836413437500002 0.05558053437499999
7 0.230217571875 0.25702815078125 0.084248575 0.06327915156250001
7 0.1353705703125 0.9516001523437498 0.06930172500000001 0.09679969531250006
7 0.7043497656250001 0.3635588625 0.040493668750000024 0.04656040312499998
7 0.40090932031250004 0.29758473046875 0.05287820000000001 0.050148979687500005
5 0.9324699953125 0.37201509374999997 0.031534356250000076 0.026446487500000025
6 0.9474413281250001 0.3156705203125 0.014603446875000082 0.012329284374999982
7 0.658478771875 0.22309745234375003 0.05136650312500004 0.04622276093750002
7 0.200460796875 0.40251488359375004 0.06048299375000001 0.023726392187500035