7 0.050624999999999996 0.17033333359375 0.04875 0.021333332812500005
6 0.16062500000000002 0.54866666640625 0.09375000000000003 0.11133333281249999
7 0.10900000000000001 0.47916666640625005 0.03750000000000001 0.039666667187499983
7 0.23775 0.6144999999999999 0.08899999999999997 0.07966666562499994
7 0.32925 0.62 0.16900000000000004 0.127333334375
7 0.433875 0.66316666640625 0.09175000000000004 0.13566666718749998
7 0.36187500000000006 0.8476666671875 0.16875000000000004 0.1879999999999999
6 0.736125 0.14883333359375 0.07325 0.053666667187499996
7 0.569375 0.46366666640625 0.03475000000000002 0.03133333281249993
7 0.6375 0.5636666671875 0.015499999999999936 0.014000000000000058
7 0.7016249999999999 0.533 0.013249999999999939 0.01799999999999997
6 0.76775 0.5265000000000001 0.013999999999999967 0.020999999999999998
7 0.8785000000000001 0.56233333359375 0.04349999999999987 0.0346666671875
9 0.5502499999999999 0.194 0.012999999999999989 0.023333334375000004
5 0.5585 0.20283333359375 0.01150000000000002 0.018333332812500002
6 0.21475 0.5361666671875 0.034499999999999975 0.027000000000000045
7 0.10262500000000001 0.6301666671875 0.04425 0.06699999999999999
7 0.21749999999999997 0.6785 0.043500000000000004 0.03100000000000005
7 0.68475 0.96883333359375 0.08200000000000003 0.05966666718749991
7 0.898875 0.6769999999999999 0.06074999999999999 0.04866666562500006
6 0.649125 0.46566666718749994 0.03725000000000005 0.041999999999999996
6 0.684375 0.3993333328125 0.03674999999999997 0.030000000000000027
6 0.6998749999999999 0.515 0.02474999999999996 0.038666665625000006
6 0.34524999999999995 0.42183333359374997 0.018500000000000006 0.023666667187500056
6 0.4365 0.512 0.03949999999999996 0.03733333437499997
7 0.40599999999999997 0.5650000000000001 0.04099999999999997 0.07199999999999998
7 0.3545 0.57333333359375 0.03650000000000002 0.0346666671875
7 0.41875 0.5896666671874999 0.033500000000000085 0.04399999999999995
7 0.38449999999999995 0.585 0.026500000000000013 0.01800000000000006
7 0.578 0.6849999999999999 0.03799999999999999 0.03600000000000003
6 0.58375 0.914 0.046499999999999986 0.04466666562500006
6 0.351375 0.5199999999999999 0.025249999999999995 0.03333333437499997
6 0.35575 0.50683333359375 0.018500000000000006 0.02766666718750006
7 0.625 0.542 0.03049999999999997 0.01799999999999997
9 0.866625 0.5623333335937499 0.0557500000000001 0.04666666718750001
6 0.222125 0.7801666671875 0.024249999999999973 0.026999999999999958
6 0.678125 0.91216666640625 0.016750000000000043 0.019666667187500052