7 0.7643030039062501 0.5297838632812499 0.2426646296875 0.34524625468750003
0 0.8155997828124999 0.57778255078125 0.034085203124999984 0.03900599531249993
0 0.868098884375 0.62145324453125 0.0342427562500001 0.03882161093749996
0 0.8656249398437499 0.6507980953125 0.0316037171875001 0.051884749999999966
7 0.83734906875 0.5934965554687499 0.0411795187500001 0.05893149531250001
6 0.317576840625 0.5435289671875 0.061904937500000035 0.11869295624999995
6 0.29463831796875 0.73006607265625 0.07556890468750002 0.09632088906250003
6 0.34497325546875 0.6796452015625001 0.0632091515625 0.043165437499999994
6 0.1962791015625 0.9083136406250001 0.023317053125000008 0.011850331249999967
6 0.24785347421874998 0.69304272734375 0.026382795312499985 0.021483251562499993
1 0.29593070390625 0.8357771289062501 0.009567045312500033 0.010384051562500041
1 0.2695003734375 0.8508000507812501 0.011156931249999991 0.00845512968750004
1 0.536562446875 0.8389948984375 0.009662837499999988 0.009217456250000033
1 0.6257065640625 0.6579870039062501 0.011978012500000013 0.009945239062499934
1 0.55738054765625 0.66497241796875 0.011456235937500026 0.011550645312499963
1 0.42364898046874994 0.67631525 0.011129210937499944 0.011816265624999999