6 0.312091503125 0.2584252453125 0.62418300625 0.516850490625
6 0.17606209140625 0.121936275 0.3096405234375 0.20036764687499997
6 0.39542483671875 0.6038602937499999 0.7908496734375 0.5379901968749999
2 0.57495915 0.31571691171875005 0.249591503125 0.10386029531249999
2 0.7256944445312501 0.20971201015625002 0.22181372656250006 0.17371323593750002
2 0.87785947734375 0.38985906796875 0.24428104531250003 0.1626838234375
6 0.81495098046875 0.30514705937500003 0.24591503281250002 0.16482843125
8 0.9685457515625 0.37760416640625005 0.062908496875 0.049325979687500035
0 0.6944444445312501 0.68229166640625 0.6094771234375 0.39522058906249996
1 0.424632353125 0.84819240234375 0.07066993437499995 0.0646446078124999
7 0.17728758203125 0.8913909312499999 0.3545751640625 0.1890318625000001
6 0.445669934375 0.8495710781250001 0.2875817 0.17463235312499997
6 0.7955473859375 0.8658088234375001 0.40890522812499996 0.268382353125