6 0.7655882468749999 0.31788773671875 0.46882350625 0.6357754734375
6 0.90833128828125 0.19188084062500002 0.18333742343750004 0.31170351875
6 0.42421682890624995 0.38661512578125 0.5122169546875 0.7732302515625
2 0.68679927578125 0.57426231484375 0.11341741718749994 0.25208663906249995
2 0.7834255742187499 0.7321316046874999 0.17223468593750005 0.2232604781249999
2 0.5850879945312499 0.866403284375 0.16240238906249999 0.23883549687500008
6 0.6811970992187499 0.8143525617187499 0.15182684843749997 0.2501097296874999
8 0.6034133625 0.9566781531250002 0.03340936874999993 0.05247536250000007
8 0.5797537929687501 0.9584083203125001 0.020243007812500036 0.051388628125000044
0 0.31583896484374996 0.6657236171875001 0.3560527046875 0.63061835
1 0.17077198203125002 0.3837736359375 0.06680806093750002 0.0677186625
7 0.13830975703125 0.15605195624999998 0.18217315781250001 0.31210391249999997
6 0.16566282187499998 0.403486215625 0.180140453125 0.29563505312499994
6 0.1357218453125 0.7546811835937499 0.23933093125 0.4074318953124999