6 0.5530024507812501 0.54187091484375 0.17279411718749998 0.2201797390625
0 0.21752451015625002 0.280024509375 0.21384803906250002 0.13521241874999998
1 0.3141850484375 0.23223039218750002 0.019914215624999974 0.039624184374999996
2 0.7679227945312499 0.35580065390625004 0.14001225468749992 0.08251633906250003
6 0.956648284375 0.12173202578125 0.08670343124999995 0.12009803906249998
6 0.8068321078125 0.3986928109375 0.12653186249999998 0.10702614375000001
6 0.8558517156250002 0.3427287578125 0.04013480312500004 0.03431372499999998
6 0.8743872546875 0.0704656859375 0.03125 0.04616013125
3 0.15900735234375 0.2116013078125 0.027573529687499997 0.017973856249999986
3 0.28094362734375 0.14501633984375 0.01164215781250002 0.0073529421875
3 0.0857843140625 0.0400326796875 0.01960784375 0.011437909375
3 0.22334558828124998 0.64419934609375 0.017769607812500032 0.01388888906250001