6 0.7145837937499999 0.7257787953125 0.5708324124999999 0.548442409375
6 0.8673951015625001 0.8471114312499999 0.26520979687499996 0.18457452812499991
6 0.60678032265625 0.3959514546875 0.7864393546875 0.5715224531249999
2 0.45912254296875005 0.7180253000000001 0.24170302656250003 0.1030204125
2 0.32568060625 0.82939142265625 0.21701070937499994 0.17625596406249996
2 0.14291282734375 0.66810552421875 0.24993422343750002 0.17533239531249994
6 0.22343052578124997 0.74319166640625 0.23427076093750002 0.1802553171875001
8 0.05957529921875 0.689244865625 0.06509187031250001 0.04712821250000001
0 0.28517769296875 0.35434046640625 0.5596396890625001 0.44360842343750007
1 0.52756470859375 0.162910571875 0.07551202343749992 0.06129615312499999
7 0.77223445703125 0.11383261640625 0.35802964843749996 0.18110691406249999
6 0.5038854765625 0.16265790156249998 0.26744365312499996 0.178185525
6 0.18415966875 0.18455931796875 0.366355840625 0.2722446140625