6 0.43015871640625003 0.52768874375 0.18858090781249998 0.22672717812499998
0 0.80857300859375 0.31163610390625 0.20256922031250008 0.1586085734375
1 0.719550315625 0.25195408828125 0.02480038750000002 0.03924454218750002
2 0.25122524453125 0.31472226484375004 0.1393495921875 0.09016951406250003
6 0.10448610703125001 0.05374304375 0.0951801984375 0.1074860875
6 0.2038323390625 0.34871705234375006 0.12444004375000002 0.1154679765625
6 0.16695941796875 0.28644462265625004 0.043077629687499994 0.03189534218749999
6 0.19723758515625 0.01806541015625 0.02649517968749999 0.0361308203125
3 0.87558737421875 0.25280266328125 0.02640072031250007 0.020530945312499993
3 0.7675431984375001 0.1701386890625 0.012335959375000006 0.008817724999999998
3 0.9786455734375 0.0934538875 0.019295046874999854 0.009793090625
3 0.7346573968750001 0.67268423515625 0.017192959374999983 0.015717501562499958