0 0.15085414921875 0.3027145890625 0.07925698906249998 0.09298398749999999
0 0.5993898953125 0.44779431796875 0.03737049374999994 0.1022695203125
2 0.6566350421875 0.45584071406250004 0.08401344062499998 0.037868162499999955
1 0.57981453125 0.3966099046875 0.011209606249999915 0.009979103125000055
1 0.5198954546875 0.38216133359375004 0.011963587500000017 0.012242604687500025
1 0.56366613828125 0.34778811171874996 0.01457890468750005 0.0125895828125
1 0.593746240625 0.40177302656249997 0.020380246875000018 0.00999558437500001
1 0.5126494671875 0.3861925953125 0.010854349999999967 0.011383487500000022
6 0.1455675453125 0.20184115859375 0.018566140624999995 0.016108673437499978
6 0.8725825437499999 0.5557077484375 0.2241824468749999 0.13496654062499996
7 0.6106685546874999 0.49982964062499996 0.03793161249999999 0.019941781250000012
6 0.11009997109375 0.160734884375 0.024756795312500003 0.024006190625
6 0.06214363125 0.19075461484375 0.029549006250000003 0.01158188281250001
6 0.2799336109375 0.23920577265625004 0.013252337499999989 0.017513004687499965
6 0.5906669085937499 0.3582878140625 0.009565601562499993 0.013465234375000001
3 0.91821537890625 0.38762392421875 0.010465035937500033 0.02061909218750002