0 0.1290849671875 0.63036437265625 0.062091503125 0.1020242921875
0 0.59926470625 0.5793522265625001 0.05228758124999997 0.09959514062499997
2 0.65686274453125 0.5829959515625 0.08496732031250005 0.03967611250000003
1 0.5684232023437501 0.6255060734375 0.011029410937500029 0.010526315625000037
1 0.5067401960937501 0.62773279375 0.011846404687500024 0.011740890625000056
1 0.54187091484375 0.66983805703125 0.014297385937500007 0.013360323437500021
1 0.58333333359375 0.62348178125 0.020424835937499976 0.01214575
1 0.5006127453125 0.62226720625 0.011029412499999936 0.010526315625000037
6 0.101102940625 0.7281376515625 0.017565359375 0.016599190625000038
6 0.8886846406250001 0.5386639671875001 0.22263071874999998 0.11295546562499999
7 0.62111928125 0.5336032390625001 0.03635620937499997 0.01862348125000004
6 0.05657679765625 0.7605263156250001 0.029003267187499997 0.019028340625000074
6 0.01654411796875 0.7218623484375 0.030637254687500004 0.005668015625000055
6 0.24040032656249996 0.7188259109375 0.01102941249999998 0.018218625
6 0.5706699343749999 0.6651821867187501 0.011437909375000022 0.012145748437499914
3 0.8978758171875001 0.7028340078124999 0.006535946874999965 0.021052631249999988