6 0.65192090078125 0.53189513671875 0.03278118593750001 0.07979302343750003
6 0.70886465390625 0.63186496015625 0.00413448593750001 0.029117876562500023
3 0.9773692023437499 0.5950396203125 0.030902660937499958 0.011013893750000036
3 0.8316533523437499 0.742183078125 0.02374993906249987 0.025283678125000007
3 0.6096320078125 0.4298474 0.024241143750000037 0.013149756249999988
3 0.29034058749999997 0.4052528234375 0.016419228124999963 0.02682027500000004
3 0.29306783281250004 0.73035201640625 0.024105915624999995 0.030430673437500035
3 0.7591645609375 0.93093909765625 0.023705790624999955 0.01761343281250003
3 0.73121183046875 0.9050314945312501 0.02956705156249999 0.02257402968749993
3 0.7412517296875001 0.94298804140625 0.014034987500000007 0.03017851406250003
3 0.49902585156249996 0.87543510703125 0.01699734375000004 0.04573643593749992
3 0.42054667109375005 0.7525020695312501 0.02007562968750003 0.02665216718750001
3 0.22243541953125004 0.6758473031250001 0.012164026562499996 0.020871175
3 0.03826954375 0.7437276484374999 0.004989231249999998 0.025901234375000026
3 0.09170176953125 0.8041321437500001 0.011094707812499993 0.02038699374999995
3 0.05525376484375 0.66872259765625 0.010137151562500002 0.00790411718749997
3 0.17460240859375 0.9046062359375 0.007195482812499998 0.0212219812499999
3 0.8707047359375 0.28250469218749996 0.022726156250000074 0.01701231562500003