0 0.47043769062499996 0.35371711015624996 0.0317609 0.09554467343749998
0 0.6472286593750001 0.5808409953125 0.017051381250000032 0.058644312499999976
0 0.68885750703125 0.5029267484375 0.010111017187499982 0.019497862500000008
0 0.5660156023437499 0.3085033484375 0.027936273437499982 0.01694941562500003
6 0.5066043875 0.34953413437499997 0.030234996875000066 0.060992728125000006
6 0.4376494187500001 0.0360336796875 0.015067665624999994 0.022831859375000003
6 0.5177872265625 0.40109487968750007 0.008693309374999991 0.017935918750000023
6 0.55464920546875 0.4541737546875 0.007736095312499991 0.012263578125000053
6 0.8825176070312499 0.8293206859375001 0.0066792109375001015 0.02212942812500014
6 0.70467128515625 0.32906683671875003 0.0033006984374999602 0.009456639062499984
4 0.5680630953125 0.62562957109375 0.020521037500000006 0.027434579687500005
7 0.5526817351562501 0.44159230078125 0.00911489218749999 0.01857896406249999
2 0.73774866640625 0.5420344164062499 0.010997882812500049 0.008170548437500003