0 0.34171359140625 0.6254863625 0.06053454843749999 0.05503643125000002
0 0.93756802421875 0.6024601125 0.04581824843749995 0.02297574375
0 0.50787345078125 0.7006543953125 0.04866059531249993 0.030303684375000018
6 0.44493366015625 0.596852978125 0.025122254687500067 0.027205096874999946
6 0.8248908828125 0.44561138828124996 0.019666990625000123 0.024086820312500024
6 0.654097225 0.46619963828125 0.008287543750000025 0.011425810937500013
6 0.23952114531250004 0.08965435937499999 0.01668203749999999 0.012224406249999997
6 0.48242446953124996 0.072867840625 0.015097848437499995 0.009498406250000003
6 0.46946803046875 0.7940129351562499 0.005470779687500027 0.011083279687500003
6 0.49910909062500003 0.74628216953125 0.008700121875000022 0.00669433906250001
6 0.01445281015625 0.8645992539062501 0.023950920312500002 0.02444881406250001
6 0.21546243515625002 0.837138371875 0.09376581093749999 0.07624457812500003
6 0.16043459375 0.85459193359375 0.060402287500000006 0.06351437031249993
6 0.49821304531250005 0.0269082390625 0.03383761875000006 0.03331730000000001
8 0.37104713437500003 0.5223906796875 0.007818896875000014 0.006566537500000002
7 0.06496036640625 0.8135879226562499 0.054508304687499995 0.04219637968750005
6 0.0279738078125 0.885822540625 0.050799696875 0.061684715624999956
9 0.49512589140624996 0.73772346015625 0.03463663906249996 0.0791306171875
6 0.25182984375 0.8085606578124999 0.10127852812500002 0.08083270000000002
3 0.6055378125 0.75412511953125 0.0052361812500000045 0.01762321718750002