6 0.65083023203125 0.46321056874999994 0.01935093906250005 0.081682171875
6 0.75045553359375 0.52575600234375 0.01410324843749997 0.02708702656249997
3 0.975613221875 0.37303670625 0.02875188125000001 0.022731706250000004
3 0.9091391187500001 0.5699631734375 0.01424742187500012 0.02955151562499996
3 0.5730534328125 0.38843567968750004 0.024228731249999934 0.0162201375
3 0.27534487890625 0.50840096796875 0.008754895312500021 0.0282994171875
3 0.41947225859375 0.79820684765625 0.012809523437499947 0.03573893906250003
3 0.9275288187499999 0.7719090984375001 0.017757678125 0.021184043750000027
3 0.8885634 0.75966140859375 0.03344706562499997 0.01182821093749995
3 0.91905221015625 0.78982306328125 0.01805721718749993 0.030641542187500016
3 0.66753242578125 0.83680252109375 0.015986892187500067 0.04561591718750009
3 0.544501559375 0.76179567890625 0.024990690625000055 0.018155460937500045
3 0.3326625828125 0.781122403125 0.009430837499999978 0.021184043749999937
3 0.19571830546875 0.9232583398437499 0.010699751562500004 0.025219998437500023
3 0.27039389140625 0.953365928125 0.0062170671875000135 0.021139546875000016
3 0.17898867031250001 0.8489203609375 0.008795362500000015 0.01093841874999999
3 0.74212420703125 0.1403159484375 0.021267932812500057 0.02391706250000001