0 0.3500817 0.50597426484375 0.09803921562499998 0.021752451562499962
0 0.60641339921875 0.37821691171875005 0.05759803906250003 0.0229779421875
0 0.5375816992187501 0.32092524453125 0.018790848437499987 0.01194852968750002
0 0.3235294125 0.40226715703125004 0.01797385625000003 0.02818627343750002
6 0.3529411765625 0.46875 0.062908496875 0.02328431250000005
6 0.032679738281249995 0.47319240156250003 0.0245098046875 0.011335784375000024
6 0.4052287578125 0.4678308828125 0.01797385625000003 0.009803921874999944
6 0.4646650320312499 0.442555146875 0.012663398437500018 0.007046568750000049
6 0.89399509765625 0.19791666640625 0.021650326562500054 0.006740195312500008
6 0.37071078437500005 0.270680146875 0.00939542499999999 0.00398284375000002
4 0.6350081703125 0.4647671562499999 0.028186275000000018 0.018382353124999983
7 0.4509803921874999 0.44362745156249994 0.017973856249999986 0.009803921875000033
2 0.5855800656250001 0.28048406796875003 0.009395425000000035 0.010723039062500028