6 0.513684640625 0.6484375 0.08210784375000006 0.018688724999999982
6 0.59987745078125 0.72334558828125 0.029003267187500015 0.008578432812500036
3 0.5122549015625 0.97977941171875 0.016339868749999997 0.030637254687500004
3 0.6846405234375 0.86488970625 0.02777777812500002 0.020220587500000064
3 0.419934640625 0.5879289218749999 0.011437909374999933 0.023897059374999953
3 0.45710784374999996 0.26930147031249996 0.026960784375000026 0.01164215624999998
3 0.77573529375 0.333946078125 0.03349673124999999 0.01960784375000002
3 0.8839869281249999 0.82996323515625 0.019607843750000065 0.021446079687500053
3 0.8635620921874999 0.79656862734375 0.017973856250000076 0.031862745312499996
3 0.8986928101562499 0.81678921640625 0.029411764062500012 0.013480392187499923
3 0.8790849671875 0.563725490625 0.04575163437500009 0.008578431249999952
3 0.7732843132812499 0.46354166718749995 0.023692810937499954 0.02267156874999996
3 0.7357026140625 0.25428921562499995 0.02042483750000006 0.008578431249999996
3 0.8374182999999998 0.085477940625 0.02614379062500003 0.004289215624999998
3 0.88643790859375 0.15042892109375 0.021241829687500057 0.0079656859375
3 0.7610294124999999 0.08884803906250001 0.008986928125000038 0.008578431250000008
3 0.96977124140625 0.25122548984375 0.02124182968749988 0.006127451562500008
3 0.22589869296875 0.8152573531249999 0.020424835937499976 0.02267156874999987