0 0.69423872421875 0.8442649531249999 0.09391167031249995 0.07675671562499993
0 0.55703012109375 0.39068595859375 0.10216592968750007 0.03912727343749998
2 0.54999737109375 0.333504065625 0.03668657031249998 0.08350070937499998
1 0.6078789976562501 0.412398484375 0.010042154687500027 0.011213706249999955
1 0.62129565390625 0.47274101171874994 0.012218717187499983 0.011914904687500005
1 0.6563982734375 0.43021170390624996 0.012600403124999993 0.014500204687499973
1 0.602978590625 0.39827031171874994 0.010197006249999951 0.020446939062499992
1 0.61713420859375 0.47986267187500004 0.01132755781250001 0.010913953125000032
6 0.79501211171875 0.8531791890625 0.016161420312500053 0.018461149999999905
6 0.45481742968749994 0.11462893125 0.13317603124999997 0.224000225
7 0.5054548390625 0.37807540859375 0.019754800000000027 0.03759674531249999
6 0.835423615625 0.8901922257812501 0.023614637500000056 0.025505051562499936
6 0.80461022890625 0.93702768125 0.011089842187499954 0.029808618750000092
6 0.7600018296875 0.71763534921875 0.017601674999999962 0.012937292187500038
6 0.6463787171875 0.402884034375 0.013372706249999932 0.009891565624999998
3 0.62277758515625 0.07443227578125 0.020689204687499973 0.009870289062500004