0 0.33259596562500005 0.48657491953125 0.09815939375 0.021772510937500034
0 0.5973978390625 0.35710228437499997 0.05672291562499998 0.022815853124999962
0 0.53247701171875 0.30017433671875005 0.018371579687500007 0.01188926718750003
0 0.31294594453125 0.38283702734374997 0.018689457812499997 0.028218698437500002
6 0.33798427890625 0.4491693609375 0.06307150468749997 0.023436434375000027
6 0.01798747578125 0.45551579296875 0.0249140796875 0.011459167187499997
6 0.39009074609375 0.44799380859374993 0.01783407968749997 0.009785729687499956
6 0.45133228984375 0.42235978124999995 0.01272578906249997 0.007054674999999922
6 0.89682479921875 0.17495485312499998 0.021289985937499978 0.006717131249999997
6 0.3695892515625 0.25086833750000004 0.009292712499999967 0.003955162500000009
4 0.6198029921874999 0.44355876796875 0.028647981250000055 0.018454379687499946
7 0.43748020312499997 0.42344841796875005 0.017812693750000008 0.009797620312499955
2 0.58331731796875 0.25944459921875 0.00976317031249998 0.010746026562499988