0 0.3572303921875 0.6176470585937499 0.06311274375 0.04656862656250001
0 0.94837622578125 0.6940359476562501 0.04503676406250001 0.02124182968749997
0 0.5151654406249999 0.7193627453125 0.04810049062500008 0.026960784375000026
6 0.46170343124999996 0.606617646875 0.023897059374999953 0.02941176562500001
6 0.8501838234375001 0.51919934609375 0.019607843750000065 0.02369281093750004
6 0.6796875 0.51082516328125 0.00827205937500004 0.011846404687500024
6 0.30284926484375 0.06556372578125 0.016850489062499995 0.012663398437500006
6 0.54427083359375 0.08905228750000001 0.015012254687500004 0.008986928125000005
6 0.46875 0.807393790625 0.0061274499999999675 0.011029412499999936
6 0.5021446078125 0.764501634375 0.008578431249999952 0.006944443749999962
6 0.013480392187499999 0.80085784296875 0.024509803125 0.022467320312499962
6 0.21262254921874998 0.8063725492187501 0.09313725468749998 0.06535947656249999
6 0.15778186249999998 0.815563725 0.06433823437500001 0.05433006562500005
6 0.5638786765624999 0.0459558828125 0.03216911874999999 0.034722221874999994
8 0.39537377421875003 0.51960784296875 0.0076593140625 0.005718954687499967
7 0.06709558828125 0.7579656859374999 0.0545343140625 0.045343137500000005
6 0.0240502453125 0.82312091484375 0.048100490625 0.05800653593749994
9 0.49908088203125 0.7557189539062501 0.02757352968750002 0.08415032656249996
6 0.252757353125 0.78329248359375 0.09681372500000003 0.0910947703125001
3 0.60661764765625 0.7908496734374999 0.0036764703124999797 0.017973856249999986