0 0.65752407109375 0.35470562031249997 0.06448984843750001 0.0460123625
0 0.07078690859375 0.2714294203125 0.044447335937500006 0.021287100000000024
0 0.5051484046875 0.25120332421875 0.048341240625000025 0.0269939328125
6 0.5525796109375 0.3645210609375 0.02309818125000005 0.029584593749999978
6 0.15988979374999998 0.44755027968750005 0.019797778124999988 0.023720643750000027
6 0.3298897328125 0.457959140625 0.00824060000000002 0.01188353124999999
6 0.6830369546874999 0.9082602468750001 0.017001018749999996 0.012755415624999955
6 0.4432138421875 0.88192863359375 0.014951199999999965 0.009076532812499849
6 0.5560403484374999 0.16335935703125 0.006504865625000011 0.011033073437499995
6 0.5204840484375 0.20592851015624997 0.008482450000000075 0.006998592187499986
6 0.8127538046874999 0.1674549046875 0.09251060625000011 0.064669528125
6 0.8673352359374998 0.1588200984375 0.06652637499999994 0.05372929687500001
6 0.4213526703125 0.9249148281250001 0.031082190625000016 0.0348429874999999
8 0.614274021875 0.4524883421875 0.007863806249999961 0.005749681250000016
7 0.9549068070312501 0.21750630312500002 0.054403723437499885 0.045795409375
6 0.9891471062499999 0.1538675828125 0.021705787500000007 0.055855699999999994
9 0.52298810078125 0.21475583046875002 0.0232634703125 0.08456932031249997
6 0.7705510499999999 0.1901583109375 0.09404436562499993 0.09186785624999998
3 0.41729958515625 0.17831283203125 0.0030599921874999935 0.01804594531249999